   1    3 1 0.350 4000
   3    6 1 0.350 4000
   6    8 1 0.350 4000
   8   10 1 0.350 4000
  10   12 1 0.350 4000
  12   16 1 0.350 4000
  16   18 1 0.350 4000
  18   20 1 0.350 4000
  66   67 1 0.350 4000
  67   69 1 0.350 4000
  69   71 1 0.350 4000
  71   73 1 0.350 4000
  73   75 1 0.350 4000
  75   76 1 0.350 4000
  76   78 1 0.350 4000
  78   83 1 0.350 4000
  83   87 1 0.350 4000
  87   88 1 0.350 4000
  88   90 1 0.350 4000
  90   92 1 0.350 4000
 111  116 1 0.350 4000
 116  121 1 0.350 4000
 121  123 1 0.350 4000
 123  125 1 0.350 4000
 125  127 1 0.350 4000
 127  129 1 0.350 4000
 129  130 1 0.350 4000
 130  132 1 0.350 4000
 132  135 1 0.350 4000
 135  140 1 0.350 4000
 140  142 1 0.350 4000
 142  144 1 0.350 4000
 144  147 1 0.350 4000
 147  149 1 0.350 4000
 149  151 1 0.350 4000
 151  153 1 0.350 4000
 153  155 1 0.350 4000
 155  157 1 0.350 4000
 157  159 1 0.350 4000
 179  180 1 0.350 4000
 180  182 1 0.350 4000
 191  195 1 0.350 4000
 204  208 1 0.350 4000
 208  210 1 0.350 4000
 210  214 1 0.350 4000
 214  215 1 0.350 4000
 215  217 1 0.350 4000
 217  219 1 0.350 4000
 219  220 1 0.350 4000
 220  222 1 0.350 4000
 222  223 1 0.350 4000
 223  225 1 0.350 4000
 243  248 1 0.350 4000
 289  291 1 0.350 4000
 291  293 1 0.350 4000
 293  295 1 0.350 4000
 295  297 1 0.350 4000
 297  299 1 0.350 4000
 299  300 1 0.350 4000
 300  304 1 0.350 4000
 304  306 1 0.350 4000
 306  308 1 0.350 4000
 308  310 1 0.350 4000
 310  314 1 0.350 4000
 314  316 1 0.350 4000
 316  318 1 0.350 4000
 318  319 1 0.350 4000
 319  320 1 0.350 4000
 352  357 1 0.350 4000
 357  359 1 0.350 4000
 359  361 1 0.350 4000
 361  364 1 0.350 4000
 364  366 1 0.350 4000
 366  368 1 0.350 4000
 368  370 1 0.350 4000
 370  372 1 0.350 4000
 372  376 1 0.350 4000
 376  378 1 0.350 4000
 378  380 1 0.350 4000
 380  382 1 0.350 4000
 382  384 1 0.350 4000
 384  386 1 0.350 4000
 386  388 1 0.350 4000
 388  391 1 0.350 4000
 391  393 1 0.350 4000
 393  395 1 0.350 4000
 395  397 1 0.350 4000
 397  399 1 0.350 4000
 399  401 1 0.350 4000
 438  440 1 0.350 4000
 440  442 1 0.350 4000
 442  444 1 0.350 4000
 444  446 1 0.350 4000
 446  451 1 0.350 4000
 451  453 1 0.350 4000
 453  455 1 0.350 4000
 485  487 1 0.350 4000
 487  490 1 0.350 4000
 490  492 1 0.350 4000
 492  494 1 0.350 4000
 494  496 1 0.350 4000
 496  498 1 0.350 4000
 544  548 1 0.350 4000
 548  550 1 0.350 4000
 550  551 1 0.350 4000
 551  553 1 0.350 4000
 553  555 1 0.350 4000
 555  557 1 0.350 4000
 557  559 1 0.350 4000
 579  581 1 0.350 4000
 581  583 1 0.350 4000
 583  587 1 0.350 4000
 587  589 1 0.350 4000
 589  592 1 0.350 4000
 592  594 1 0.350 4000
 594  598 1 0.350 4000
 598  602 1 0.350 4000
 602  606 1 0.350 4000
 606  608 1 0.350 4000
 608  610 1 0.350 4000
 610  611 1 0.350 4000
 611  615 1 0.350 4000
 615  617 1 0.350 4000
 617  619 1 0.350 4000
 619  621 1 0.350 4000
 621  623 1 0.350 4000
 623  625 1 0.350 4000
 625  628 1 0.350 4000
 628  629 1 0.350 4000
 629  631 1 0.350 4000
 631  633 1 0.350 4000
 633  635 1 0.350 4000
 635  640 1 0.350 4000
 640  643 1 0.350 4000
 643  645 1 0.350 4000
 645  647 1 0.350 4000
 665  669 1 0.350 4000
 678  680 1 0.350 4000
 680  682 1 0.350 4000
 682  684 1 0.350 4000
 684  686 1 0.350 4000
 686  688 1 0.350 4000
 699  700 1 0.350 4000
 700  703 1 0.350 4000
 703  708 1 0.350 4000
 708  710 1 0.350 4000
 710  712 1 0.350 4000
 712  714 1 0.350 4000
 714  716 1 0.350 4000
 716  718 1 0.350 4000
 718  720 1 0.350 4000
 720  724 1 0.350 4000
 724  727 1 0.350 4000
 727  728 1 0.350 4000
 728  731 1 0.350 4000
 731  733 1 0.350 4000
 776  780 1 0.350 4000
 780  782 1 0.350 4000
 782  784 1 0.350 4000
 784  790 1 0.350 4000
 790  792 1 0.350 4000
 792  794 1 0.350 4000
 794  796 1 0.350 4000
 796  798 1 0.350 4000
 798  800 1 0.350 4000
 800  803 1 0.350 4000
 803  805 1 0.350 4000
 805  807 1 0.350 4000
 807  809 1 0.350 4000
 809  811 1 0.350 4000
 811  813 1 0.350 4000
 813  815 1 0.350 4000
 815  817 1 0.350 4000
 819  822 1 0.350 4000
 822  823 1 0.350 4000
 823  825 1 0.350 4000
 825  828 1 0.350 4000
 828  830 1 0.350 4000
 830  832 1 0.350 4000
 832  834 1 0.350 4000
 834  836 1 0.350 4000
 836  840 1 0.350 4000
 840  842 1 0.350 4000
 842  843 1 0.350 4000
 843  845 1 0.350 4000
 894  897 1 0.350 4000
 897  900 1 0.350 4000
 900  902 1 0.350 4000
 925  926 1 0.350 4000
 926  928 1 0.350 4000
 928  929 1 0.350 4000
 929  931 1 0.350 4000
 983  985 1 0.350 4000
 985  987 1 0.350 4000
 987  989 1 0.350 4000
 989  991 1 0.350 4000
 991  993 1 0.350 4000
 993  995 1 0.350 4000
 995  997 1 0.350 4000
 997  999 1 0.350 4000
 999 1000 1 0.350 4000
1000 1002 1 0.350 4000
1002 1006 1 0.350 4000
1006 1008 1 0.350 4000
1008 1010 1 0.350 4000
1010 1012 1 0.350 4000
1012 1013 1 0.350 4000
1013 1015 1 0.350 4000
1015 1017 1 0.350 4000
1017 1019 1 0.350 4000
1019 1021 1 0.350 4000
1023 1025 1 0.350 4000
1025 1028 1 0.350 4000
1028 1030 1 0.350 4000
1030 1032 1 0.350 4000
1032 1034 1 0.350 4000
1034 1036 1 0.350 4000
1036 1038 1 0.350 4000
1038 1042 1 0.350 4000
1088 1089 1 0.350 4000
1089 1091 1 0.350 4000
1091 1093 1 0.350 4000
1093 1095 1 0.350 4000
1095 1097 1 0.350 4000
1097 1098 1 0.350 4000
1098 1100 1 0.350 4000
1100 1102 1 0.350 4000
1102 1104 1 0.350 4000
1104 1106 1 0.350 4000
1116 1117 1 0.350 4000
1117 1118 1 0.350 4000
1118 1120 1 0.350 4000
1132 1136 1 0.350 4000
1136 1140 1 0.350 4000
1140 1142 1 0.350 4000
1142 1144 1 0.350 4000
1144 1146 1 0.350 4000
1146 1147 1 0.350 4000
1147 1149 1 0.350 4000
1149 1150 1 0.350 4000
1150 1153 1 0.350 4000
1153 1157 1 0.350 4000
1157 1159 1 0.350 4000
1159 1161 1 0.350 4000
1161 1164 1 0.350 4000
1164 1166 1 0.350 4000
1166 1168 1 0.350 4000
1168 1172 1 0.350 4000
1172 1174 1 0.350 4000
1174 1176 1 0.350 4000
1176 1178 1 0.350 4000
1178 1180 1 0.350 4000
1199 1200 1 0.350 4000
1200 1202 1 0.350 4000
1202 1207 1 0.350 4000
1207 1210 1 0.350 4000
1210 1212 1 0.350 4000
1212 1214 1 0.350 4000
1214 1218 1 0.350 4000
1228 1230 1 0.350 4000
1230 1232 1 0.350 4000
1232 1234 1 0.350 4000
1234 1235 1 0.350 4000
1235 1238 1 0.350 4000
1238 1240 1 0.350 4000
1240 1242 1 0.350 4000
1242 1244 1 0.350 4000
1244 1246 1 0.350 4000
1246 1248 1 0.350 4000
1311 1313 1 0.350 4000
1313 1315 1 0.350 4000
1315 1317 1 0.350 4000
1317 1318 1 0.350 4000
1318 1320 1 0.350 4000
1320 1322 1 0.350 4000
1322 1323 1 0.350 4000
1323 1327 1 0.350 4000
1327 1329 1 0.350 4000
1329 1331 1 0.350 4000
1331 1335 1 0.350 4000
1335 1339 1 0.350 4000
1339 1341 1 0.350 4000
1341 1345 1 0.350 4000
1345 1346 1 0.350 4000
1381 1386 1 0.350 4000
1386 1387 1 0.350 4000
1387 1390 1 0.350 4000
1390 1393 1 0.350 4000
1393 1395 1 0.350 4000
1395 1398 1 0.350 4000
1398 1400 1 0.350 4000
1400 1402 1 0.350 4000
1402 1406 1 0.350 4000
1406 1408 1 0.350 4000
1408 1410 1 0.350 4000
1410 1415 1 0.350 4000
1415 1417 1 0.350 4000
1417 1419 1 0.350 4000
1419 1421 1 0.350 4000
1421 1423 1 0.350 4000
1423 1425 1 0.350 4000
1425 1427 1 0.350 4000
1427 1429 1 0.350 4000
1429 1431 1 0.350 4000
1431 1433 1 0.350 4000
1472 1474 1 0.350 4000
1474 1476 1 0.350 4000
1476 1478 1 0.350 4000
1478 1480 1 0.350 4000
1480 1484 1 0.350 4000
1484 1486 1 0.350 4000
1486 1488 1 0.350 4000
1519 1521 1 0.350 4000
1521 1523 1 0.350 4000
1523 1525 1 0.350 4000
1525 1528 1 0.350 4000
1528 1530 1 0.350 4000
1577 1581 1 0.350 4000
1581 1583 1 0.350 4000
1583 1584 1 0.350 4000
1584 1586 1 0.350 4000
1586 1588 1 0.350 4000
1588 1590 1 0.350 4000
1590 1592 1 0.350 4000
1612 1614 1 0.350 4000
1614 1616 1 0.350 4000
1616 1621 1 0.350 4000
1621 1623 1 0.350 4000
1623 1626 1 0.350 4000
1626 1628 1 0.350 4000
1628 1632 1 0.350 4000
1632 1636 1 0.350 4000
1636 1638 1 0.350 4000
1638 1640 1 0.350 4000
1640 1642 1 0.350 4000
1642 1644 1 0.350 4000
1644 1649 1 0.350 4000
1649 1651 1 0.350 4000
1651 1653 1 0.350 4000
1653 1655 1 0.350 4000
1655 1657 1 0.350 4000
1673 1677 1 0.350 4000
1677 1679 1 0.350 4000
1679 1681 1 0.350 4000
1681 1683 1 0.350 4000
1701 1705 1 0.350 4000
1713 1715 1 0.350 4000
1715 1717 1 0.350 4000
1717 1719 1 0.350 4000
1719 1722 1 0.350 4000
1722 1724 1 0.350 4000
1735 1736 1 0.350 4000
1736 1739 1 0.350 4000
1739 1744 1 0.350 4000
1744 1746 1 0.350 4000
1746 1748 1 0.350 4000
1748 1750 1 0.350 4000
1750 1752 1 0.350 4000
1752 1754 1 0.350 4000
1754 1756 1 0.350 4000
1756 1761 1 0.350 4000
1761 1764 1 0.350 4000
1764 1765 1 0.350 4000
1765 1767 1 0.350 4000
1767 1769 1 0.350 4000
1799 1802 1 0.350 4000
1802 1805 1 0.350 4000
1805 1807 1 0.350 4000
1807 1809 1 0.350 4000
1809 1811 1 0.350 4000
1811 1815 1 0.350 4000
1815 1817 1 0.350 4000
1817 1819 1 0.350 4000
1819 1825 1 0.350 4000
1825 1827 1 0.350 4000
1827 1829 1 0.350 4000
1829 1831 1 0.350 4000
1831 1832 1 0.350 4000
1832 1836 1 0.350 4000
1836 1839 1 0.350 4000
1839 1841 1 0.350 4000
1841 1842 1 0.350 4000
1842 1844 1 0.350 4000
1844 1846 1 0.350 4000
1846 1851 1 0.350 4000
1851 1853 1 0.350 4000
1853 1855 1 0.350 4000
1855 1857 1 0.350 4000
1857 1859 1 0.350 4000
1859 1861 1 0.350 4000
1861 1863 1 0.350 4000
1863 1865 1 0.350 4000
1865 1866 1 0.350 4000
1866 1867 1 0.350 4000
1867 1869 1 0.350 4000
1869 1871 1 0.350 4000
1871 1873 1 0.350 4000
1873 1876 1 0.350 4000
1876 1878 1 0.350 4000
1878 1880 1 0.350 4000
1880 1883 1 0.350 4000
1883 1885 1 0.350 4000
1885 1887 1 0.350 4000
1887 1889 1 0.350 4000
1889 1891 1 0.350 4000
1891 1893 1 0.350 4000
1893 1895 1 0.350 4000
1895 1897 1 0.350 4000
1897 1899 1 0.350 4000
1899 1901 1 0.350 4000
1950 1953 1 0.350 4000
1953 1956 1 0.350 4000
1956 1958 1 0.350 4000
1982 1984 1 0.350 4000
1984 1985 1 0.350 4000
1985 1987 1 0.350 4000
2038 2040 1 0.350 4000
2040 2042 1 0.350 4000
2042 2044 1 0.350 4000
2044 2046 1 0.350 4000
2046 2048 1 0.350 4000
2048 2049 1 0.350 4000
2049 2051 1 0.350 4000
2051 2052 1 0.350 4000
2052 2054 1 0.350 4000
2054 2056 1 0.350 4000
2056 2058 1 0.350 4000
2058 2059 1 0.350 4000
2059 2061 1 0.350 4000
2061 2063 1 0.350 4000
   6   12 1 0.970 2500
   8   16 1 0.970 2500
  10   18 1 0.970 2500
  12   20 1 0.970 2500
 132  142 1 0.970 2500
 147  153 1 0.970 2500
 149  155 1 0.970 2500
 295  300 1 0.970 2500
 297  304 1 0.970 2500
 299  306 1 0.970 2500
 300  308 1 0.970 2500
 304  310 1 0.970 2500
 306  314 1 0.970 2500
 364  370 1 0.970 2500
 366  372 1 0.970 2500
 368  376 1 0.970 2500
 370  378 1 0.970 2500
 372  380 1 0.970 2500
 442  451 1 0.970 2500
 444  453 1 0.970 2500
 446  455 1 0.970 2500
 598  608 1 0.970 2500
 602  610 1 0.970 2500
 606  611 1 0.970 2500
 608  615 1 0.970 2500
 703  712 1 0.970 2500
 708  714 1 0.970 2500
 710  716 1 0.970 2500
 712  718 1 0.970 2500
 714  720 1 0.970 2500
 716  724 1 0.970 2500
 798  805 1 0.970 2500
 800  807 1 0.970 2500
 803  809 1 0.970 2500
 830  836 1 0.970 2500
 832  840 1 0.970 2500
 834  842 1 0.970 2500
 836  843 1 0.970 2500
 840  845 1 0.970 2500
1028 1034 1 0.970 2500
1030 1036 1 0.970 2500
1032 1038 1 0.970 2500
1034 1042 1 0.970 2500
1164 1172 1 0.970 2500
1166 1174 1 0.970 2500
1318 1323 1 0.970 2500
1320 1327 1 0.970 2500
1322 1329 1 0.970 2500
1323 1331 1 0.970 2500
1327 1335 1 0.970 2500
1329 1339 1 0.970 2500
1393 1400 1 0.970 2500
1395 1402 1 0.970 2500
1398 1406 1 0.970 2500
1400 1408 1 0.970 2500
1402 1410 1 0.970 2500
1476 1484 1 0.970 2500
1478 1486 1 0.970 2500
1480 1488 1 0.970 2500
1638 1644 1 0.970 2500
1640 1649 1 0.970 2500
1739 1748 1 0.970 2500
1744 1750 1 0.970 2500
1746 1752 1 0.970 2500
1748 1754 1 0.970 2500
1750 1756 1 0.970 2500
1752 1761 1 0.970 2500
1754 1764 1 0.970 2500
1832 1841 1 0.970 2500
1836 1842 1 0.970 2500
1839 1844 1 0.970 2500
1880 1887 1 0.970 2500
1883 1889 1 0.970 2500
1885 1891 1 0.970 2500
1887 1893 1 0.970 2500
1889 1895 1 0.970 2500
1891 1897 1 0.970 2500
   6   10 1 0.640 2500
   8   12 1 0.640 2500
  10   16 1 0.640 2500
  12   18 1 0.640 2500
  16   20 1 0.640 2500
 132  140 1 0.640 2500
 135  142 1 0.640 2500
 147  151 1 0.640 2500
 149  153 1 0.640 2500
 151  155 1 0.640 2500
 295  299 1 0.640 2500
 297  300 1 0.640 2500
 299  304 1 0.640 2500
 300  306 1 0.640 2500
 304  308 1 0.640 2500
 306  310 1 0.640 2500
 308  314 1 0.640 2500
 364  368 1 0.640 2500
 366  370 1 0.640 2500
 368  372 1 0.640 2500
 370  376 1 0.640 2500
 372  378 1 0.640 2500
 376  380 1 0.640 2500
 442  446 1 0.640 2500
 444  451 1 0.640 2500
 446  453 1 0.640 2500
 451  455 1 0.640 2500
 598  606 1 0.640 2500
 602  608 1 0.640 2500
 606  610 1 0.640 2500
 608  611 1 0.640 2500
 610  615 1 0.640 2500
 703  710 1 0.640 2500
 708  712 1 0.640 2500
 710  714 1 0.640 2500
 712  716 1 0.640 2500
 714  718 1 0.640 2500
 716  720 1 0.640 2500
 718  724 1 0.640 2500
 798  803 1 0.640 2500
 800  805 1 0.640 2500
 803  807 1 0.640 2500
 805  809 1 0.640 2500
 830  834 1 0.640 2500
 832  836 1 0.640 2500
 834  840 1 0.640 2500
 836  842 1 0.640 2500
 840  843 1 0.640 2500
 842  845 1 0.640 2500
1028 1032 1 0.640 2500
1030 1034 1 0.640 2500
1032 1036 1 0.640 2500
1034 1038 1 0.640 2500
1036 1042 1 0.640 2500
1164 1168 1 0.640 2500
1166 1172 1 0.640 2500
1168 1174 1 0.640 2500
1318 1322 1 0.640 2500
1320 1323 1 0.640 2500
1322 1327 1 0.640 2500
1323 1329 1 0.640 2500
1327 1331 1 0.640 2500
1329 1335 1 0.640 2500
1331 1339 1 0.640 2500
1393 1398 1 0.640 2500
1395 1400 1 0.640 2500
1398 1402 1 0.640 2500
1400 1406 1 0.640 2500
1402 1408 1 0.640 2500
1406 1410 1 0.640 2500
1476 1480 1 0.640 2500
1478 1484 1 0.640 2500
1480 1486 1 0.640 2500
1484 1488 1 0.640 2500
1638 1642 1 0.640 2500
1640 1644 1 0.640 2500
1642 1649 1 0.640 2500
1739 1746 1 0.640 2500
1744 1748 1 0.640 2500
1746 1750 1 0.640 2500
1748 1752 1 0.640 2500
1750 1754 1 0.640 2500
1752 1756 1 0.640 2500
1754 1761 1 0.640 2500
1756 1764 1 0.640 2500
1832 1839 1 0.640 2500
1836 1841 1 0.640 2500
1839 1842 1 0.640 2500
1841 1844 1 0.640 2500
1880 1885 1 0.640 2500
1883 1887 1 0.640 2500
1885 1889 1 0.640 2500
1887 1891 1 0.640 2500
1889 1893 1 0.640 2500
1891 1895 1 0.640 2500
1893 1897 1 0.640 2500
   1    2 1 0.40 2500
   3    4 1 0.330 5000
   4    5 1 0.380 5000
   6    7 1 0.400 5000
  12   13 1 0.336 7500
  18   19 1 0.400 5000
  23   24 1 0.400 5000
  25   26 1 0.341 7500
  28   29 1 0.352 5000
  30   31 1 0.400 5000
  37   38 1 0.330 5000
  38   39 1 0.360 5000
  40   41 1 0.325 7500
  44   45 1 0.315 5000
  50   51 1 0.400 5000
  56   57 1 0.287 7500
  58   59 1 0.352 7500
  60   61 1 0.400 5000
  62   63 1 0.336 7500
  69   70 1 0.352 7500
  71   72 1 0.330 7500
  76   77 1 0.287 7500
  78   79 1 0.325 5000
  83   84 1 0.336 7500
  88   89 1 0.352 7500
  90   91 1 0.287 7500
  92   93 1 0.352 7500
  94   95 1 0.363 7500
  96   97 1 0.400 5000
  98   99 1 0.363 7500
 100  101 1 0.400 5000
 102  103 1 0.330 5000
 103  104 1 0.380 5000
 107  108 1 0.352 5000
 111  112 1 0.325 5000
 116  117 1 0.325 5000
 121  122 1 0.352 5000
 123  124 1 0.400 5000
 130  131 1 0.352 5000
 132  133 1 0.330 5000
 133  134 1 0.360 5000
 135  136 1 0.325 5000
 142  143 1 0.330 7500
 144  145 1 0.330 5000
 145  146 1 0.380 5000
 151  152 1 0.363 7500
 155  156 1 0.352 7500
 157  158 1 0.363 7500
 159  160 1 0.400 5000
 161  162 1 0.330 7500
 166  167 1 0.40 2500
 168  169 1 0.352 7500
 170  171 1 0.287 7500
 174  175 1 0.330 5000
 175  176 1 0.380 5000
 177  178 1 0.287 7500
 180  181 1 0.330 7500
 182  183 1 0.325 7500
 187  188 1 0.400 5000
 191  192 1 0.325 7500
 195  196 1 0.330 5000
 196  197 1 0.380 5000
 198  199 1 0.330 7500
 200  201 1 0.352 7500
 202  203 1 0.352 5000
 204  205 1 0.325 7500
 210  211 1 0.325 7500
 215  216 1 0.400 5000
 217  218 1 0.287 7500
 223  224 1 0.352 5000
 225  226 1 0.352 5000
 227  228 1 0.315 5000
 235  236 1 0.330 5000
 236  237 1 0.360 5000
 239  240 1 0.336 7500
 243  244 1 0.325 5000
 250  251 1 0.400 5000
 255  256 1 0.400 5000
 257  258 1 0.363 7500
 261  262 1 0.352 7500
 263  264 1 0.287 7500
 267  268 1 0.363 7500
 269  270 1 0.352 7500
 275  276 1 0.330 5000
 276  277 1 0.380 5000
 278  279 1 0.330 5000
 279  280 1 0.360 5000
 281  282 1 0.400 5000
 283  284 1 0.287 7500
 285  286 1 0.400 5000
 287  288 1 0.287 7500
 289  290 1 0.341 7500
 291  292 1 0.352 7500
 293  294 1 0.341 7500
 295  296 1 0.363 7500
 297  298 1 0.400 5000
 300  301 1 0.325 7500
 304  305 1 0.400 5000
 306  307 1 0.363 7500
 310  311 1 0.336 7500
 314  315 1 0.287 7500
 316  317 1 0.363 7500
 324  325 1 0.287 7500
 327  328 1 0.40 2500
 332  333 1 0.363 7500
 334  335 1 0.363 7500
 338  339 1 0.287 7500
 340  341 1 0.330 5000
 341  342 1 0.360 5000
 345  346 1 0.330 5000
 346  347 1 0.380 5000
 348  349 1 0.400 5000
 350  351 1 0.400 5000
 352  353 1 0.325 5000
 357  358 1 0.330 7500
 359  360 1 0.352 7500
 361  362 1 0.330 5000
 362  363 1 0.380 5000
 366  367 1 0.40 2500
 368  369 1 0.352 5000
 372  373 1 0.325 7500
 376  377 1 0.287 7500
 382  383 1 0.330 7500
 384  385 1 0.287 7500
 386  387 1 0.330 7500
 388  389 1 0.330 5000
 389  390 1 0.360 5000
 393  394 1 0.287 7500
 395  396 1 0.352 7500
 403  404 1 0.400 5000
 405  406 1 0.330 7500
 407  408 1 0.325 5000
 412  413 1 0.352 5000
 418  419 1 0.363 7500
 420  421 1 0.287 7500
 424  425 1 0.336 7500
 428  429 1 0.400 5000
 430  431 1 0.363 7500
 434  435 1 0.400 5000
 436  437 1 0.352 5000
 440  441 1 0.352 7500
 442  443 1 0.400 5000
 446  447 1 0.325 5000
 451  452 1 0.341 7500
 455  456 1 0.352 7500
 457  458 1 0.352 5000
 459  460 1 0.400 5000
 463  464 1 0.363 7500
 465  466 1 0.325 5000
 470  471 1 0.352 7500
 474  475 1 0.341 7500
 476  477 1 0.325 7500
 480  481 1 0.330 5000
 481  482 1 0.380 5000
 485  486 1 0.363 7500
 487  488 1 0.330 5000
 488  489 1 0.360 5000
 490  491 1 0.363 7500
 496  497 1 0.330 7500
 500  501 1 0.325 5000
 506  507 1 0.352 7500
 508  509 1 0.363 7500
 510  511 1 0.352 5000
 512  513 1 0.336 7500
 516  517 1 0.363 7500
 520  521 1 0.287 7500
 526  527 1 0.40 2500
 528  529 1 0.287 7500
 537  538 1 0.341 7500
 539  540 1 0.363 7500
 541  542 1 0.330 5000
 542  543 1 0.380 5000
 544  545 1 0.325 7500
 548  549 1 0.330 7500
 551  552 1 0.400 5000
 553  554 1 0.363 7500
 555  556 1 0.352 5000
 559  560 1 0.352 7500
 561  562 1 0.363 7500
 563  564 1 0.330 5000
 564  565 1 0.380 5000
 566  567 1 0.330 5000
 567  568 1 0.360 5000
 569  570 1 0.363 7500
 575  576 1 0.352 5000
 577  578 1 0.40 2500
 581  582 1 0.330 7500
 583  584 1 0.325 7500
 587  588 1 0.330 7500
 589  590 1 0.330 5000
 590  591 1 0.380 5000
 592  593 1 0.363 7500
 594  595 1 0.336 7500
 598  599 1 0.325 7500
 602  603 1 0.325 7500
 606  607 1 0.40 2500
 608  609 1 0.330 7500
 611  612 1 0.325 7500
 617  618 1 0.330 7500
 619  620 1 0.363 7500
 623  624 1 0.287 7500
 625  626 1 0.330 5000
 626  627 1 0.380 5000
 629  630 1 0.287 7500
 631  632 1 0.400 5000
 633  634 1 0.400 5000
 635  636 1 0.325 5000
 640  641 1 0.330 5000
 641  642 1 0.380 5000
 645  646 1 0.363 7500
 651  652 1 0.330 7500
 653  654 1 0.400 5000
 655  656 1 0.363 7500
 659  660 1 0.400 5000
 661  662 1 0.400 5000
 663  664 1 0.40 2500
 665  666 1 0.325 7500
 669  670 1 0.352 7500
 673  674 1 0.330 5000
 674  675 1 0.360 5000
 676  677 1 0.352 5000
 678  679 1 0.40 2500
 680  681 1 0.40 2500
 686  687 1 0.341 7500
 688  689 1 0.352 7500
 690  691 1 0.330 7500
 692  693 1 0.330 5000
 693  694 1 0.380 5000
 695  696 1 0.336 7500
 700  701 1 0.330 5000
 701  702 1 0.380 5000
 703  704 1 0.325 5000
 708  709 1 0.363 7500
 720  721 1 0.325 7500
 724  725 1 0.330 5000
 725  726 1 0.380 5000
 728  729 1 0.330 5000
 729  730 1 0.380 5000
 731  732 1 0.40 2500
 733  734 1 0.287 7500
 735  736 1 0.40 2500
 737  738 1 0.330 5000
 738  739 1 0.360 5000
 740  741 1 0.400 5000
 744  745 1 0.352 7500
 746  747 1 0.400 5000
 748  749 1 0.400 5000
 750  751 1 0.40 2500
 752  753 1 0.363 7500
 754  755 1 0.352 5000
 758  759 1 0.400 5000
 760  761 1 0.352 5000
 762  763 1 0.330 5000
 763  764 1 0.360 5000
 765  766 1 0.352 5000
 767  768 1 0.287 7500
 769  770 1 0.287 7500
 771  772 1 0.325 5000
 776  777 1 0.325 7500
 782  783 1 0.400 5000
 784  785 1 0.315 5000
 792  793 1 0.330 7500
 794  795 1 0.352 5000
 796  797 1 0.352 5000
 800  801 1 0.330 5000
 801  802 1 0.360 5000
 809  810 1 0.341 7500
 811  812 1 0.352 7500
 815  816 1 0.330 7500
 817  818 1 0.330 7500
 819  820 1 0.330 5000
 820  821 1 0.380 5000
 823  824 1 0.363 7500
 825  826 1 0.330 5000
 826  827 1 0.360 5000
 828  829 1 0.40 2500
 830  831 1 0.287 7500
 836  837 1 0.325 7500
 843  844 1 0.352 5000
 845  846 1 0.287 7500
 853  854 1 0.400 5000
 855  856 1 0.400 5000
 857  858 1 0.363 7500
 859  860 1 0.325 7500
 863  864 1 0.330 5000
 864  865 1 0.360 5000
 866  867 1 0.330 5000
 867  868 1 0.380 5000
 871  872 1 0.287 7500
 873  874 1 0.400 5000
 875  876 1 0.400 5000
 877  878 1 0.325 7500
 885  886 1 0.40 2500
 887  888 1 0.325 7500
 891  892 1 0.330 5000
 892  893 1 0.380 5000
 894  895 1 0.330 5000
 895  896 1 0.380 5000
 897  898 1 0.330 5000
 898  899 1 0.360 5000
 902  903 1 0.325 7500
 906  907 1 0.363 7500
 908  909 1 0.336 7500
 912  913 1 0.315 5000
 918  919 1 0.325 5000
 926  927 1 0.400 5000
 929  930 1 0.40 2500
 931  932 1 0.352 7500
 933  934 1 0.400 5000
 935  936 1 0.40 2500
 937  938 1 0.400 5000
 939  940 1 0.325 7500
 945  946 1 0.400 5000
 949  950 1 0.400 5000
 951  952 1 0.287 7500
 953  954 1 0.352 5000
 955  956 1 0.40 2500
 957  958 1 0.352 5000
 959  960 1 0.352 7500
 961  962 1 0.363 7500
 965  966 1 0.287 7500
 967  968 1 0.400 5000
 969  970 1 0.325 5000
 974  975 1 0.400 5000
 976  977 1 0.400 5000
 978  979 1 0.325 5000
 983  984 1 0.400 5000
 985  986 1 0.352 7500
 993  994 1 0.352 7500
 995  996 1 0.400 5000
 997  998 1 0.400 5000
1000 1001 1 0.400 5000
1002 1003 1 0.325 7500
1006 1007 1 0.400 5000
1008 1009 1 0.400 5000
1010 1011 1 0.400 5000
1013 1014 1 0.400 5000
1015 1016 1 0.400 5000
1017 1018 1 0.352 7500
1019 1020 1 0.400 5000
1023 1024 1 0.40 2500
1025 1026 1 0.330 5000
1026 1027 1 0.380 5000
1028 1029 1 0.400 5000
1030 1031 1 0.341 7500
1034 1035 1 0.287 7500
1038 1039 1 0.336 7500
1045 1046 1 0.400 5000
1052 1053 1 0.400 5000
1057 1058 1 0.352 5000
1061 1062 1 0.341 7500
1063 1064 1 0.315 5000
1069 1070 1 0.400 5000
1071 1072 1 0.363 7500
1073 1074 1 0.325 5000
1078 1079 1 0.341 7500
1080 1081 1 0.363 7500
1082 1083 1 0.400 5000
1084 1085 1 0.336 7500
1091 1092 1 0.400 5000
1093 1094 1 0.330 7500
1095 1096 1 0.352 7500
1098 1099 1 0.400 5000
1100 1101 1 0.40 2500
1102 1103 1 0.330 7500
1104 1105 1 0.287 7500
1106 1107 1 0.352 7500
1108 1109 1 0.330 5000
1109 1110 1 0.360 5000
1118 1119 1 0.352 7500
1120 1121 1 0.352 7500
1122 1123 1 0.287 7500
1124 1125 1 0.325 7500
1128 1129 1 0.352 5000
1132 1133 1 0.325 7500
1136 1137 1 0.325 7500
1140 1141 1 0.287 7500
1142 1143 1 0.400 5000
1150 1151 1 0.330 5000
1151 1152 1 0.360 5000
1153 1154 1 0.336 7500
1159 1160 1 0.330 7500
1161 1162 1 0.330 5000
1162 1163 1 0.380 5000
1168 1169 1 0.325 7500
1174 1175 1 0.352 7500
1176 1177 1 0.363 7500
1178 1179 1 0.400 5000
1180 1181 1 0.330 7500
1188 1189 1 0.352 7500
1190 1191 1 0.400 5000
1194 1195 1 0.330 5000
1195 1196 1 0.380 5000
1202 1203 1 0.325 5000
1207 1208 1 0.330 5000
1208 1209 1 0.380 5000
1210 1211 1 0.400 5000
1212 1213 1 0.363 7500
1214 1215 1 0.325 7500
1218 1219 1 0.336 7500
1222 1223 1 0.330 7500
1224 1225 1 0.400 5000
1226 1227 1 0.400 5000
1228 1229 1 0.363 7500
1235 1236 1 0.330 5000
1236 1237 1 0.360 5000
1238 1239 1 0.400 5000
1240 1241 1 0.352 7500
1246 1247 1 0.352 5000
1248 1249 1 0.352 5000
1250 1251 1 0.325 5000
1257 1258 1 0.330 5000
1258 1259 1 0.380 5000
1261 1262 1 0.336 7500
1265 1266 1 0.325 5000
1275 1276 1 0.330 5000
1276 1277 1 0.360 5000
1278 1279 1 0.400 5000
1284 1285 1 0.352 7500
1286 1287 1 0.363 7500
1290 1291 1 0.363 7500
1292 1293 1 0.352 7500
1294 1295 1 0.330 5000
1295 1296 1 0.380 5000
1299 1300 1 0.330 5000
1300 1301 1 0.380 5000
1302 1303 1 0.330 5000
1303 1304 1 0.360 5000
1305 1306 1 0.363 7500
1309 1310 1 0.352 7500
1311 1312 1 0.400 5000
1313 1314 1 0.341 7500
1318 1319 1 0.363 7500
1320 1321 1 0.400 5000
1323 1324 1 0.325 7500
1327 1328 1 0.363 7500
1331 1332 1 0.325 7500
1335 1336 1 0.336 7500
1339 1340 1 0.287 7500
1341 1342 1 0.325 7500
1351 1352 1 0.287 7500
1354 1355 1 0.325 7500
1360 1361 1 0.287 7500
1362 1363 1 0.363 7500
1364 1365 1 0.363 7500
1366 1367 1 0.40 2500
1368 1369 1 0.400 5000
1370 1371 1 0.330 5000
1371 1372 1 0.380 5000
1373 1374 1 0.363 7500
1375 1376 1 0.287 7500
1379 1380 1 0.352 7500
1381 1382 1 0.325 5000
1387 1388 1 0.330 5000
1388 1389 1 0.360 5000
1390 1391 1 0.330 5000
1391 1392 1 0.360 5000
1393 1394 1 0.287 7500
1395 1396 1 0.330 5000
1396 1397 1 0.360 5000
1398 1399 1 0.363 7500
1400 1401 1 0.400 5000
1402 1403 1 0.325 7500
1406 1407 1 0.287 7500
1410 1411 1 0.325 5000
1415 1416 1 0.330 7500
1419 1420 1 0.330 7500
1421 1422 1 0.400 5000
1425 1426 1 0.287 7500
1435 1436 1 0.400 5000
1437 1438 1 0.330 7500
1439 1440 1 0.325 5000
1444 1445 1 0.352 5000
1446 1447 1 0.287 7500
1450 1451 1 0.363 7500
1456 1457 1 0.336 7500
1464 1465 1 0.363 7500
1466 1467 1 0.400 5000
1468 1469 1 0.336 7500
1472 1473 1 0.287 7500
1474 1475 1 0.352 7500
1476 1477 1 0.341 7500
1480 1481 1 0.325 7500
1484 1485 1 0.40 2500
1488 1489 1 0.352 7500
1490 1491 1 0.352 5000
1492 1493 1 0.400 5000
1498 1499 1 0.325 5000
1503 1504 1 0.352 7500
1507 1508 1 0.341 7500
1509 1510 1 0.330 5000
1510 1511 1 0.380 5000
1512 1513 1 0.330 5000
1513 1514 1 0.380 5000
1515 1516 1 0.352 5000
1517 1518 1 0.363 7500
1519 1520 1 0.352 7500
1523 1524 1 0.400 5000
1525 1526 1 0.330 5000
1526 1527 1 0.380 5000
1528 1529 1 0.330 7500
1532 1533 1 0.325 5000
1539 1540 1 0.352 5000
1541 1542 1 0.363 7500
1543 1544 1 0.352 5000
1545 1546 1 0.330 5000
1546 1547 1 0.380 5000
1548 1549 1 0.363 7500
1552 1553 1 0.287 7500
1554 1555 1 0.400 5000
1560 1561 1 0.287 7500
1562 1563 1 0.287 7500
1570 1571 1 0.287 7500
1572 1573 1 0.363 7500
1574 1575 1 0.330 5000
1575 1576 1 0.380 5000
1577 1578 1 0.325 7500
1581 1582 1 0.352 7500
1586 1587 1 0.363 7500
1588 1589 1 0.352 5000
1592 1593 1 0.352 7500
1594 1595 1 0.363 7500
1598 1599 1 0.400 5000
1600 1601 1 0.325 7500
1604 1605 1 0.400 5000
1608 1609 1 0.352 5000
1610 1611 1 0.363 7500
1614 1615 1 0.330 7500
1616 1617 1 0.325 5000
1621 1622 1 0.330 7500
1623 1624 1 0.330 5000
1624 1625 1 0.380 5000
1628 1629 1 0.336 7500
1632 1633 1 0.325 7500
1636 1637 1 0.330 7500
1638 1639 1 0.363 7500
1644 1645 1 0.325 5000
1651 1652 1 0.330 7500
1657 1658 1 0.287 7500
1661 1662 1 0.400 5000
1663 1664 1 0.330 5000
1664 1665 1 0.360 5000
1668 1669 1 0.325 5000
1673 1674 1 0.336 7500
1677 1678 1 0.400 5000
1679 1680 1 0.400 5000
1681 1682 1 0.363 7500
1683 1684 1 0.287 7500
1689 1690 1 0.400 5000
1695 1696 1 0.352 5000
1699 1700 1 0.341 7500
1701 1702 1 0.325 7500
1705 1706 1 0.400 5000
1707 1708 1 0.330 7500
1711 1712 1 0.352 5000
1713 1714 1 0.400 5000
1715 1716 1 0.40 2500
1719 1720 1 0.330 5000
1720 1721 1 0.360 5000
1722 1723 1 0.341 7500
1724 1725 1 0.352 7500
1726 1727 1 0.330 7500
1728 1729 1 0.330 5000
1729 1730 1 0.380 5000
1731 1732 1 0.336 7500
1736 1737 1 0.330 5000
1737 1738 1 0.360 5000
1739 1740 1 0.325 5000
1744 1745 1 0.40 2500
1748 1749 1 0.341 7500
1750 1751 1 0.341 7500
1752 1753 1 0.363 7500
1754 1755 1 0.363 7500
1756 1757 1 0.325 5000
1761 1762 1 0.330 5000
1762 1763 1 0.380 5000
1765 1766 1 0.352 7500
1771 1772 1 0.330 7500
1773 1774 1 0.330 5000
1774 1775 1 0.360 5000
1776 1777 1 0.352 7500
1780 1781 1 0.352 5000
1794 1795 1 0.330 5000
1795 1796 1 0.360 5000
1799 1800 1 0.330 5000
1800 1801 1 0.360 5000
1802 1803 1 0.330 5000
1803 1804 1 0.380 5000
1805 1806 1 0.287 7500
1809 1810 1 0.400 5000
1811 1812 1 0.325 7500
1817 1818 1 0.352 7500
1819 1820 1 0.315 5000
1825 1826 1 0.341 7500
1827 1828 1 0.330 7500
1832 1833 1 0.325 7500
1836 1837 1 0.330 5000
1837 1838 1 0.360 5000
1844 1845 1 0.352 5000
1846 1847 1 0.325 5000
1851 1852 1 0.400 5000
1853 1854 1 0.330 7500
1855 1856 1 0.330 7500
1863 1864 1 0.330 7500
1867 1868 1 0.352 7500
1869 1870 1 0.363 7500
1873 1874 1 0.330 5000
1874 1875 1 0.360 5000
1878 1879 1 0.400 5000
1880 1881 1 0.330 5000
1881 1882 1 0.380 5000
1887 1888 1 0.341 7500
1889 1890 1 0.40 2500
1891 1892 1 0.363 7500
1893 1894 1 0.287 7500
1895 1896 1 0.352 5000
1907 1908 1 0.400 5000
1911 1912 1 0.315 5000
1919 1920 1 0.330 5000
1920 1921 1 0.380 5000
1922 1923 1 0.363 7500
1924 1925 1 0.352 7500
1926 1927 1 0.336 7500
1930 1931 1 0.330 5000
1931 1932 1 0.360 5000
1933 1934 1 0.325 7500
1937 1938 1 0.352 7500
1939 1940 1 0.363 7500
1941 1942 1 0.40 2500
1943 1944 1 0.325 5000
1950 1951 1 0.330 5000
1951 1952 1 0.360 5000
1953 1954 1 0.330 5000
1954 1955 1 0.380 5000
1958 1959 1 0.325 7500
1964 1965 1 0.336 7500
1968 1969 1 0.315 5000
1974 1975 1 0.325 5000
1982 1983 1 0.400 5000
1985 1986 1 0.40 2500
1987 1988 1 0.400 5000
1989 1990 1 0.400 5000
1992 1993 1 0.400 5000
1994 1995 1 0.325 7500
1998 1999 1 0.287 7500
2000 2001 1 0.400 5000
2004 2005 1 0.330 5000
2005 2006 1 0.380 5000
2007 2008 1 0.400 5000
2009 2010 1 0.352 7500
2011 2012 1 0.40 2500
2017 2018 1 0.363 7500
2019 2020 1 0.400 5000
2021 2022 1 0.330 5000
2022 2023 1 0.360 5000
2024 2025 1 0.352 7500
2026 2027 1 0.325 5000
2031 2032 1 0.400 5000
2033 2034 1 0.400 5000
2040 2041 1 0.352 7500
2042 2043 1 0.287 7500
2046 2047 1 0.400 5000
2049 2050 1 0.400 5000
2052 2053 1 0.400 5000
2054 2055 1 0.400 5000
2056 2057 1 0.400 5000
2059 2060 1 0.400 5000
2061 2062 1 0.400 5000
2063 2064 1 0.325 5000
