  20   22 1 0.33
  22   23 1 0.310
  23   25 1 0.310
  25   27 1 0.310
  27   28 1 0.310
  28   30 1 0.310
  30   32 1 0.310
  32   34 1 0.310
  34   35 1 0.310
  35   37 1 0.310
  37   40 1 0.310
  40   44 1 0.310
  44   50 1 0.310
  50   52 1 0.310
  52   54 1 0.310
  54   56 1 0.310
  56   58 1 0.310
  58   60 1 0.310
  60   62 1 0.310
  62   66 1 0.33
  92   94 1 0.33
  94   96 1 0.310
  96   98 1 0.310
 100  102 1 0.33
 102  105 1 0.33
 105  107 1 0.310
 107  109 1 0.310
 109  111 1 0.33
 159  161 1 0.33
 161  163 1 0.310
 163  164 1 0.310
 164  166 1 0.310
 166  168 1 0.310
 168  170 1 0.310
 170  172 1 0.310
 172  174 1 0.310
 174  177 1 0.310
 177  179 1 0.33
 182  186 1 0.33
 186  187 1 0.310
 187  189 1 0.310
 189  191 1 0.33
 195  198 1 0.33
 198  200 1 0.310
 200  202 1 0.310
 202  204 1 0.33
 225  227 1 0.33
 227  233 1 0.310
 233  235 1 0.310
 235  238 1 0.310
 238  239 1 0.310
 239  243 1 0.33
 248  250 1 0.33
 250  252 1 0.310
 252  253 1 0.310
 253  255 1 0.310
 255  257 1 0.310
 257  259 1 0.310
 259  261 1 0.310
 261  263 1 0.310
 263  265 1 0.310
 265  267 1 0.310
 267  269 1 0.310
 269  271 1 0.310
 271  273 1 0.310
 273  275 1 0.310
 275  278 1 0.310
 278  281 1 0.310
 281  283 1 0.310
 283  285 1 0.310
 285  287 1 0.310
 287  289 1 0.33
 320  321 1 0.33
 321  323 1 0.310
 323  324 1 0.310
 324  326 1 0.310
 326  327 1 0.310
 327  329 1 0.310
 329  330 1 0.310
 330  332 1 0.310
 332  334 1 0.310
 334  336 1 0.310
 336  338 1 0.310
 338  340 1 0.310
 340  343 1 0.310
 343  345 1 0.310
 345  348 1 0.310
 348  350 1 0.310
 350  352 1 0.33
 401  403 1 0.33
 403  405 1 0.310
 405  407 1 0.310
 407  412 1 0.310
 412  414 1 0.310
 414  416 1 0.310
 416  418 1 0.310
 418  420 1 0.310
 420  422 1 0.310
 422  424 1 0.310
 424  428 1 0.310
 428  430 1 0.310
 430  432 1 0.310
 432  434 1 0.310
 434  436 1 0.310
 436  438 1 0.33
 455  457 1 0.33
 457  459 1 0.310
 459  461 1 0.310
 461  463 1 0.310
 463  465 1 0.310
 465  470 1 0.310
 470  472 1 0.310
 472  474 1 0.310
 474  476 1 0.310
 476  480 1 0.310
 480  483 1 0.310
 483  485 1 0.33
 498  500 1 0.33
 500  505 1 0.310
 505  506 1 0.310
 506  508 1 0.310
 508  510 1 0.310
 510  512 1 0.310
 512  516 1 0.310
 516  518 1 0.310
 518  520 1 0.310
 520  522 1 0.310
 522  524 1 0.310
 524  526 1 0.310
 526  528 1 0.310
 528  530 1 0.310
 530  531 1 0.310
 531  533 1 0.310
 533  535 1 0.310
 535  537 1 0.310
 537  539 1 0.310
 539  541 1 0.310
 541  544 1 0.33
 559  561 1 0.33
 561  563 1 0.310
 563  566 1 0.310
 566  569 1 0.310
 569  571 1 0.310
 571  573 1 0.310
 573  575 1 0.310
 575  577 1 0.310
 577  579 1 0.33
 647  649 1 0.33
 649  651 1 0.310
 651  653 1 0.310
 653  655 1 0.310
 655  657 1 0.310
 657  659 1 0.310
 659  661 1 0.310
 661  663 1 0.310
 663  665 1 0.33
 669  671 1 0.33
 671  673 1 0.310
 673  676 1 0.310
 676  678 1 0.33
 688  690 1 0.33
 690  692 1 0.310
 692  695 1 0.310
 695  699 1 0.33
 733  735 1 0.33
 735  737 1 0.310
 737  740 1 0.310
 740  742 1 0.310
 742  744 1 0.310
 744  746 1 0.310
 746  748 1 0.310
 748  750 1 0.310
 750  752 1 0.310
 752  754 1 0.310
 754  756 1 0.310
 756  758 1 0.310
 758  760 1 0.310
 760  762 1 0.310
 762  765 1 0.33
 765  767 1 0.33
 767  769 1 0.310
 769  771 1 0.310
 771  776 1 0.33
 845  847 1 0.33
 847  849 1 0.310
 849  851 1 0.310
 851  853 1 0.310
 853  855 1 0.310
 855  857 1 0.310
 857  859 1 0.310
 859  863 1 0.310
 863  866 1 0.310
 866  869 1 0.310
 869  871 1 0.310
 871  873 1 0.310
 873  875 1 0.310
 875  877 1 0.310
 877  881 1 0.310
 881  883 1 0.310
 883  885 1 0.310
 885  887 1 0.310
 887  891 1 0.310
 891  894 1 0.33
 902  906 1 0.33
 906  908 1 0.310
 908  912 1 0.310
 912  918 1 0.310
 918  923 1 0.310
 923  925 1 0.33
 931  933 1 0.33
 933  935 1 0.310
 935  937 1 0.310
 937  939 1 0.310
 939  943 1 0.310
 943  945 1 0.310
 945  947 1 0.310
 947  949 1 0.310
 949  951 1 0.310
 951  953 1 0.310
 953  955 1 0.310
 955  957 1 0.310
 957  959 1 0.310
 959  961 1 0.310
 961  963 1 0.310
 963  965 1 0.310
 965  967 1 0.310
 967  969 1 0.310
 969  974 1 0.310
 974  976 1 0.310
 976  978 1 0.310
 978  983 1 0.33
1042 1044 1 0.33
1044 1045 1 0.310
1045 1047 1 0.310
1047 1049 1 0.310
1049 1050 1 0.310
1050 1052 1 0.310
1052 1054 1 0.310
1054 1056 1 0.310
1056 1057 1 0.310
1057 1059 1 0.310
1059 1061 1 0.310
1061 1063 1 0.310
1063 1069 1 0.310
1069 1071 1 0.310
1071 1073 1 0.310
1073 1078 1 0.310
1078 1080 1 0.310
1080 1082 1 0.310
1082 1084 1 0.310
1084 1088 1 0.33
1106 1108 1 0.33
1108 1111 1 0.310
1111 1113 1 0.310
1113 1115 1 0.310
1115 1116 1 0.33
1120 1122 1 0.33
1122 1124 1 0.310
1124 1128 1 0.310
1128 1130 1 0.310
1130 1132 1 0.33
1180 1182 1 0.33
1182 1184 1 0.310
1184 1186 1 0.310
1186 1188 1 0.310
1188 1190 1 0.310
1190 1192 1 0.310
1192 1194 1 0.310
1194 1197 1 0.310
1197 1199 1 0.33
1218 1222 1 0.33
1222 1224 1 0.310
1224 1226 1 0.310
1226 1228 1 0.33
1248 1250 1 0.33
1250 1255 1 0.310
1255 1257 1 0.310
1257 1260 1 0.310
1260 1261 1 0.310
1261 1265 1 0.310
1265 1270 1 0.310
1270 1272 1 0.33
1272 1274 1 0.33
1274 1275 1 0.310
1275 1278 1 0.310
1278 1280 1 0.33
1280 1282 1 0.33
1282 1284 1 0.310
1284 1286 1 0.310
1286 1288 1 0.310
1288 1290 1 0.310
1290 1292 1 0.310
1292 1294 1 0.310
1294 1297 1 0.310
1297 1299 1 0.310
1299 1302 1 0.310
1302 1305 1 0.310
1305 1307 1 0.310
1307 1309 1 0.310
1309 1311 1 0.33
1346 1347 1 0.33
1347 1348 1 0.310
1348 1350 1 0.310
1350 1351 1 0.310
1351 1353 1 0.310
1353 1354 1 0.310
1354 1358 1 0.310
1358 1360 1 0.310
1360 1362 1 0.310
1362 1364 1 0.310
1364 1366 1 0.310
1366 1368 1 0.310
1368 1370 1 0.310
1370 1373 1 0.310
1373 1375 1 0.310
1375 1377 1 0.310
1377 1379 1 0.310
1379 1381 1 0.33
1433 1435 1 0.33
1435 1437 1 0.310
1437 1439 1 0.310
1439 1444 1 0.310
1444 1446 1 0.310
1446 1448 1 0.310
1448 1450 1 0.310
1450 1452 1 0.310
1452 1454 1 0.310
1454 1456 1 0.310
1456 1460 1 0.310
1460 1462 1 0.310
1462 1464 1 0.310
1464 1466 1 0.310
1466 1468 1 0.310
1468 1472 1 0.33
1488 1490 1 0.33
1490 1492 1 0.310
1492 1494 1 0.310
1494 1496 1 0.310
1496 1498 1 0.310
1498 1503 1 0.310
1503 1505 1 0.310
1505 1507 1 0.310
1507 1509 1 0.310
1509 1512 1 0.310
1512 1515 1 0.310
1515 1517 1 0.310
1517 1519 1 0.33
1530 1532 1 0.33
1532 1537 1 0.310
1537 1539 1 0.310
1539 1541 1 0.310
1541 1543 1 0.310
1543 1545 1 0.310
1545 1548 1 0.310
1548 1550 1 0.310
1550 1552 1 0.310
1552 1554 1 0.310
1554 1556 1 0.310
1556 1558 1 0.310
1558 1560 1 0.310
1560 1562 1 0.310
1562 1564 1 0.310
1564 1566 1 0.310
1566 1568 1 0.310
1568 1570 1 0.310
1570 1572 1 0.310
1572 1574 1 0.310
1574 1577 1 0.33
1592 1594 1 0.33
1594 1596 1 0.310
1596 1598 1 0.310
1598 1600 1 0.310
1600 1604 1 0.310
1604 1606 1 0.310
1606 1608 1 0.310
1608 1610 1 0.310
1610 1612 1 0.33
1657 1659 1 0.33
1659 1661 1 0.310
1661 1663 1 0.310
1663 1666 1 0.310
1666 1668 1 0.310
1668 1673 1 0.33
1683 1685 1 0.33
1685 1687 1 0.310
1687 1689 1 0.310
1689 1691 1 0.310
1691 1693 1 0.310
1693 1695 1 0.310
1695 1697 1 0.310
1697 1699 1 0.310
1699 1701 1 0.33
1705 1707 1 0.33
1707 1709 1 0.310
1709 1711 1 0.310
1711 1713 1 0.33
1724 1726 1 0.33
1726 1728 1 0.310
1728 1731 1 0.310
1731 1735 1 0.33
1769 1771 1 0.33
1771 1773 1 0.310
1773 1776 1 0.310
1776 1778 1 0.310
1778 1780 1 0.310
1780 1782 1 0.310
1782 1784 1 0.310
1784 1786 1 0.310
1786 1788 1 0.310
1788 1790 1 0.310
1790 1792 1 0.310
1792 1794 1 0.310
1794 1797 1 0.310
1797 1799 1 0.33
1901 1903 1 0.33
1903 1905 1 0.310
1905 1907 1 0.310
1907 1909 1 0.310
1909 1911 1 0.310
1911 1917 1 0.310
1917 1919 1 0.310
1919 1922 1 0.310
1922 1924 1 0.310
1924 1926 1 0.310
1926 1930 1 0.310
1930 1933 1 0.310
1933 1937 1 0.310
1937 1939 1 0.310
1939 1941 1 0.310
1941 1943 1 0.310
1943 1948 1 0.310
1948 1950 1 0.33
1958 1962 1 0.33
1962 1964 1 0.310
1964 1968 1 0.310
1968 1974 1 0.310
1974 1979 1 0.310
1979 1981 1 0.310
1981 1982 1 0.33
1987 1989 1 0.33
1989 1991 1 0.310
1991 1992 1 0.310
1992 1994 1 0.310
1994 1998 1 0.310
1998 2000 1 0.310
2000 2002 1 0.310
2002 2004 1 0.310
2004 2007 1 0.310
2007 2009 1 0.310
2009 2011 1 0.310
2011 2013 1 0.310
2013 2015 1 0.310
2015 2017 1 0.310
2017 2019 1 0.310
2019 2021 1 0.310
2021 2024 1 0.310
2024 2026 1 0.310
2026 2031 1 0.310
2031 2033 1 0.310
2033 2035 1 0.310
2035 2037 1 0.310
2037 2038 1 0.33
