  22   23   25   27 1 -120 400 1
  23   25   27   28 1 -120 400 1
  25   27   28   30 1 -120 400 1
  27   28   30   32 1 -120 400 1
  28   30   32   34 1 -120 400 1
  30   32   34   35 1 -120 400 1
  32   34   35   37 1 -120 400 1
  34   35   37   40 1 -120 400 1
  35   37   40   44 1 -120 400 1
  37   40   44   50 1 -120 400 1
  40   44   50   52 1 -120 400 1
  44   50   52   54 1 -120 400 1
  50   52   54   56 1 -120 400 1
  52   54   56   58 1 -120 400 1
  54   56   58   60 1 -120 400 1
  56   58   60   62 1 -120 400 1
 161  163  164  166 1 -120 400 1
 163  164  166  168 1 -120 400 1
 164  166  168  170 1 -120 400 1
 166  168  170  172 1 -120 400 1
 168  170  172  174 1 -120 400 1
 170  172  174  177 1 -120 400 1
 227  233  235  238 1 -120 400 1
 233  235  238  239 1 -120 400 1
 250  252  253  255 1 -120 400 1
 252  253  255  257 1 -120 400 1
 253  255  257  259 1 -120 400 1
 255  257  259  261 1 -120 400 1
 257  259  261  263 1 -120 400 1
 259  261  263  265 1 -120 400 1
 261  263  265  267 1 -120 400 1
 263  265  267  269 1 -120 400 1
 265  267  269  271 1 -120 400 1
 267  269  271  273 1 -120 400 1
 269  271  273  275 1 -120 400 1
 271  273  275  278 1 -120 400 1
 273  275  278  281 1 -120 400 1
 275  278  281  283 1 -120 400 1
 278  281  283  285 1 -120 400 1
 281  283  285  287 1 -120 400 1
 321  323  324  326 1 -120 400 1
 323  324  326  327 1 -120 400 1
 324  326  327  329 1 -120 400 1
 326  327  329  330 1 -120 400 1
 327  329  330  332 1 -120 400 1
 329  330  332  334 1 -120 400 1
 330  332  334  336 1 -120 400 1
 332  334  336  338 1 -120 400 1
 334  336  338  340 1 -120 400 1
 336  338  340  343 1 -120 400 1
 338  340  343  345 1 -120 400 1
 340  343  345  348 1 -120 400 1
 343  345  348  350 1 -120 400 1
 403  405  407  412 1 -120 400 1
 405  407  412  414 1 -120 400 1
 407  412  414  416 1 -120 400 1
 412  414  416  418 1 -120 400 1
 414  416  418  420 1 -120 400 1
 416  418  420  422 1 -120 400 1
 418  420  422  424 1 -120 400 1
 420  422  424  428 1 -120 400 1
 422  424  428  430 1 -120 400 1
 424  428  430  432 1 -120 400 1
 428  430  432  434 1 -120 400 1
 430  432  434  436 1 -120 400 1
 457  459  461  463 1 -120 400 1
 459  461  463  465 1 -120 400 1
 461  463  465  470 1 -120 400 1
 463  465  470  472 1 -120 400 1
 465  470  472  474 1 -120 400 1
 470  472  474  476 1 -120 400 1
 472  474  476  480 1 -120 400 1
 474  476  480  483 1 -120 400 1
 500  505  506  508 1 -120 400 1
 505  506  508  510 1 -120 400 1
 506  508  510  512 1 -120 400 1
 508  510  512  516 1 -120 400 1
 510  512  516  518 1 -120 400 1
 512  516  518  520 1 -120 400 1
 516  518  520  522 1 -120 400 1
 518  520  522  524 1 -120 400 1
 520  522  524  526 1 -120 400 1
 522  524  526  528 1 -120 400 1
 524  526  528  530 1 -120 400 1
 526  528  530  531 1 -120 400 1
 528  530  531  533 1 -120 400 1
 530  531  533  535 1 -120 400 1
 531  533  535  537 1 -120 400 1
 533  535  537  539 1 -120 400 1
 535  537  539  541 1 -120 400 1
 561  563  566  569 1 -120 400 1
 563  566  569  571 1 -120 400 1
 566  569  571  573 1 -120 400 1
 569  571  573  575 1 -120 400 1
 571  573  575  577 1 -120 400 1
 649  651  653  655 1 -120 400 1
 651  653  655  657 1 -120 400 1
 653  655  657  659 1 -120 400 1
 655  657  659  661 1 -120 400 1
 657  659  661  663 1 -120 400 1
 735  737  740  742 1 -120 400 1
 737  740  742  744 1 -120 400 1
 740  742  744  746 1 -120 400 1
 742  744  746  748 1 -120 400 1
 744  746  748  750 1 -120 400 1
 746  748  750  752 1 -120 400 1
 748  750  752  754 1 -120 400 1
 750  752  754  756 1 -120 400 1
 752  754  756  758 1 -120 400 1
 754  756  758  760 1 -120 400 1
 756  758  760  762 1 -120 400 1
 847  849  851  853 1 -120 400 1
 849  851  853  855 1 -120 400 1
 851  853  855  857 1 -120 400 1
 853  855  857  859 1 -120 400 1
 855  857  859  863 1 -120 400 1
 857  859  863  866 1 -120 400 1
 859  863  866  869 1 -120 400 1
 863  866  869  871 1 -120 400 1
 866  869  871  873 1 -120 400 1
 869  871  873  875 1 -120 400 1
 871  873  875  877 1 -120 400 1
 873  875  877  881 1 -120 400 1
 875  877  881  883 1 -120 400 1
 877  881  883  885 1 -120 400 1
 881  883  885  887 1 -120 400 1
 883  885  887  891 1 -120 400 1
 906  908  912  918 1 -120 400 1
 908  912  918  923 1 -120 400 1
 933  935  937  939 1 -120 400 1
 935  937  939  943 1 -120 400 1
 937  939  943  945 1 -120 400 1
 939  943  945  947 1 -120 400 1
 943  945  947  949 1 -120 400 1
 945  947  949  951 1 -120 400 1
 947  949  951  953 1 -120 400 1
 949  951  953  955 1 -120 400 1
 951  953  955  957 1 -120 400 1
 953  955  957  959 1 -120 400 1
 955  957  959  961 1 -120 400 1
 957  959  961  963 1 -120 400 1
 959  961  963  965 1 -120 400 1
 961  963  965  967 1 -120 400 1
 963  965  967  969 1 -120 400 1
 965  967  969  974 1 -120 400 1
 967  969  974  976 1 -120 400 1
 969  974  976  978 1 -120 400 1
1044 1045 1047 1049 1 -120 400 1
1045 1047 1049 1050 1 -120 400 1
1047 1049 1050 1052 1 -120 400 1
1049 1050 1052 1054 1 -120 400 1
1050 1052 1054 1056 1 -120 400 1
1052 1054 1056 1057 1 -120 400 1
1054 1056 1057 1059 1 -120 400 1
1056 1057 1059 1061 1 -120 400 1
1057 1059 1061 1063 1 -120 400 1
1059 1061 1063 1069 1 -120 400 1
1061 1063 1069 1071 1 -120 400 1
1063 1069 1071 1073 1 -120 400 1
1069 1071 1073 1078 1 -120 400 1
1071 1073 1078 1080 1 -120 400 1
1073 1078 1080 1082 1 -120 400 1
1078 1080 1082 1084 1 -120 400 1
1108 1111 1113 1115 1 -120 400 1
1122 1124 1128 1130 1 -120 400 1
1182 1184 1186 1188 1 -120 400 1
1184 1186 1188 1190 1 -120 400 1
1186 1188 1190 1192 1 -120 400 1
1188 1190 1192 1194 1 -120 400 1
1190 1192 1194 1197 1 -120 400 1
1250 1255 1257 1260 1 -120 400 1
1255 1257 1260 1261 1 -120 400 1
1257 1260 1261 1265 1 -120 400 1
1260 1261 1265 1270 1 -120 400 1
1282 1284 1286 1288 1 -120 400 1
1284 1286 1288 1290 1 -120 400 1
1286 1288 1290 1292 1 -120 400 1
1288 1290 1292 1294 1 -120 400 1
1290 1292 1294 1297 1 -120 400 1
1292 1294 1297 1299 1 -120 400 1
1294 1297 1299 1302 1 -120 400 1
1297 1299 1302 1305 1 -120 400 1
1299 1302 1305 1307 1 -120 400 1
1302 1305 1307 1309 1 -120 400 1
1347 1348 1350 1351 1 -120 400 1
1348 1350 1351 1353 1 -120 400 1
1350 1351 1353 1354 1 -120 400 1
1351 1353 1354 1358 1 -120 400 1
1353 1354 1358 1360 1 -120 400 1
1354 1358 1360 1362 1 -120 400 1
1358 1360 1362 1364 1 -120 400 1
1360 1362 1364 1366 1 -120 400 1
1362 1364 1366 1368 1 -120 400 1
1364 1366 1368 1370 1 -120 400 1
1366 1368 1370 1373 1 -120 400 1
1368 1370 1373 1375 1 -120 400 1
1370 1373 1375 1377 1 -120 400 1
1373 1375 1377 1379 1 -120 400 1
1435 1437 1439 1444 1 -120 400 1
1437 1439 1444 1446 1 -120 400 1
1439 1444 1446 1448 1 -120 400 1
1444 1446 1448 1450 1 -120 400 1
1446 1448 1450 1452 1 -120 400 1
1448 1450 1452 1454 1 -120 400 1
1450 1452 1454 1456 1 -120 400 1
1452 1454 1456 1460 1 -120 400 1
1454 1456 1460 1462 1 -120 400 1
1456 1460 1462 1464 1 -120 400 1
1460 1462 1464 1466 1 -120 400 1
1462 1464 1466 1468 1 -120 400 1
1490 1492 1494 1496 1 -120 400 1
1492 1494 1496 1498 1 -120 400 1
1494 1496 1498 1503 1 -120 400 1
1496 1498 1503 1505 1 -120 400 1
1498 1503 1505 1507 1 -120 400 1
1503 1505 1507 1509 1 -120 400 1
1505 1507 1509 1512 1 -120 400 1
1507 1509 1512 1515 1 -120 400 1
1509 1512 1515 1517 1 -120 400 1
1532 1537 1539 1541 1 -120 400 1
1537 1539 1541 1543 1 -120 400 1
1539 1541 1543 1545 1 -120 400 1
1541 1543 1545 1548 1 -120 400 1
1543 1545 1548 1550 1 -120 400 1
1545 1548 1550 1552 1 -120 400 1
1548 1550 1552 1554 1 -120 400 1
1550 1552 1554 1556 1 -120 400 1
1552 1554 1556 1558 1 -120 400 1
1554 1556 1558 1560 1 -120 400 1
1556 1558 1560 1562 1 -120 400 1
1558 1560 1562 1564 1 -120 400 1
1560 1562 1564 1566 1 -120 400 1
1562 1564 1566 1568 1 -120 400 1
1564 1566 1568 1570 1 -120 400 1
1566 1568 1570 1572 1 -120 400 1
1568 1570 1572 1574 1 -120 400 1
1594 1596 1598 1600 1 -120 400 1
1596 1598 1600 1604 1 -120 400 1
1598 1600 1604 1606 1 -120 400 1
1600 1604 1606 1608 1 -120 400 1
1604 1606 1608 1610 1 -120 400 1
1659 1661 1663 1666 1 -120 400 1
1661 1663 1666 1668 1 -120 400 1
1685 1687 1689 1691 1 -120 400 1
1687 1689 1691 1693 1 -120 400 1
1689 1691 1693 1695 1 -120 400 1
1691 1693 1695 1697 1 -120 400 1
1693 1695 1697 1699 1 -120 400 1
1771 1773 1776 1778 1 -120 400 1
1773 1776 1778 1780 1 -120 400 1
1776 1778 1780 1782 1 -120 400 1
1778 1780 1782 1784 1 -120 400 1
1780 1782 1784 1786 1 -120 400 1
1782 1784 1786 1788 1 -120 400 1
1784 1786 1788 1790 1 -120 400 1
1786 1788 1790 1792 1 -120 400 1
1788 1790 1792 1794 1 -120 400 1
1790 1792 1794 1797 1 -120 400 1
1903 1905 1907 1909 1 -120 400 1
1905 1907 1909 1911 1 -120 400 1
1907 1909 1911 1917 1 -120 400 1
1909 1911 1917 1919 1 -120 400 1
1911 1917 1919 1922 1 -120 400 1
1917 1919 1922 1924 1 -120 400 1
1919 1922 1924 1926 1 -120 400 1
1922 1924 1926 1930 1 -120 400 1
1924 1926 1930 1933 1 -120 400 1
1926 1930 1933 1937 1 -120 400 1
1930 1933 1937 1939 1 -120 400 1
1933 1937 1939 1941 1 -120 400 1
1937 1939 1941 1943 1 -120 400 1
1939 1941 1943 1948 1 -120 400 1
1962 1964 1968 1974 1 -120 400 1
1964 1968 1974 1979 1 -120 400 1
1968 1974 1979 1981 1 -120 400 1
1989 1991 1992 1994 1 -120 400 1
1991 1992 1994 1998 1 -120 400 1
1992 1994 1998 2000 1 -120 400 1
1994 1998 2000 2002 1 -120 400 1
1998 2000 2002 2004 1 -120 400 1
2000 2002 2004 2007 1 -120 400 1
2002 2004 2007 2009 1 -120 400 1
2004 2007 2009 2011 1 -120 400 1
2007 2009 2011 2013 1 -120 400 1
2009 2011 2013 2015 1 -120 400 1
2011 2013 2015 2017 1 -120 400 1
2013 2015 2017 2019 1 -120 400 1
2015 2017 2019 2021 1 -120 400 1
2017 2019 2021 2024 1 -120 400 1
2019 2021 2024 2026 1 -120 400 1
2021 2024 2026 2031 1 -120 400 1
2024 2026 2031 2033 1 -120 400 1
2026 2031 2033 2035 1 -120 400 1
2031 2033 2035 2037 1 -120 400 1
   2    1    3    4 1 159.0 75 1 ; SC-BB-BB-SC
   4    3    6    7 1 25.6 75 1 ; SC-BB-BB-SC
   7    6    8    9 1 37.0 75 1 ; SC-BB-BB-SC
   9    8   10   11 1 27.5 75 1 ; SC-BB-BB-SC
  11   10   12   13 1 15.9 75 1 ; SC-BB-BB-SC
  13   12   16   17 1 8.4 75 1 ; SC-BB-BB-SC
  17   16   18   19 1 31.6 75 1 ; SC-BB-BB-SC
  19   18   20   21 1 12.9 75 1 ; SC-BB-BB-SC
  24   23   25   26 1 -122.2 75 1 ; SC-BB-BB-SC
  29   28   30   31 1 -149.2 75 1 ; SC-BB-BB-SC
  31   30   32   33 1 -149.6 75 1 ; SC-BB-BB-SC
  36   35   37   38 1 -161.7 75 1 ; SC-BB-BB-SC
  38   37   40   41 1 -114.1 75 1 ; SC-BB-BB-SC
  41   40   44   45 1 -132.8 75 1 ; SC-BB-BB-SC
  45   44   50   51 1 -125.4 75 1 ; SC-BB-BB-SC
  51   50   52   53 1 -151.1 75 1 ; SC-BB-BB-SC
  53   52   54   55 1 -148.1 75 1 ; SC-BB-BB-SC
  55   54   56   57 1 -120.7 75 1 ; SC-BB-BB-SC
  57   56   58   59 1 -162.6 75 1 ; SC-BB-BB-SC
  59   58   60   61 1 -115.0 75 1 ; SC-BB-BB-SC
  61   60   62   63 1 -171.1 75 1 ; SC-BB-BB-SC
  68   67   69   70 1 62.4 75 1 ; SC-BB-BB-SC
  70   69   71   72 1 101.2 75 1 ; SC-BB-BB-SC
  72   71   73   74 1 169.0 75 1 ; SC-BB-BB-SC
  77   76   78   79 1 23.0 75 1 ; SC-BB-BB-SC
  79   78   83   84 1 2.9 75 1 ; SC-BB-BB-SC
  89   88   90   91 1 -162.2 75 1 ; SC-BB-BB-SC
  91   90   92   93 1 114.2 75 1 ; SC-BB-BB-SC
  93   92   94   95 1 -156.5 75 1 ; SC-BB-BB-SC
  95   94   96   97 1 -134.3 75 1 ; SC-BB-BB-SC
  97   96   98   99 1 173.4 75 1 ; SC-BB-BB-SC
 101  100  102  103 1 151.3 75 1 ; SC-BB-BB-SC
 103  102  105  106 1 18.4 75 1 ; SC-BB-BB-SC
 106  105  107  108 1 -78.8 75 1 ; SC-BB-BB-SC
 108  107  109  110 1 -123.1 75 1 ; SC-BB-BB-SC
 110  109  111  112 1 163.8 75 1 ; SC-BB-BB-SC
 112  111  116  117 1 147.0 75 1 ; SC-BB-BB-SC
 117  116  121  122 1 37.1 75 1 ; SC-BB-BB-SC
 122  121  123  124 1 41.2 75 1 ; SC-BB-BB-SC
 124  123  125  126 1 33.2 75 1 ; SC-BB-BB-SC
 126  125  127  128 1 47.6 75 1 ; SC-BB-BB-SC
 131  130  132  133 1 -138.2 75 1 ; SC-BB-BB-SC
 133  132  135  136 1 37.4 75 1 ; SC-BB-BB-SC
 136  135  140  141 1 32.7 75 1 ; SC-BB-BB-SC
 141  140  142  143 1 79.4 75 1 ; SC-BB-BB-SC
 143  142  144  145 1 33.2 75 1 ; SC-BB-BB-SC
 145  144  147  148 1 -17.4 75 1 ; SC-BB-BB-SC
 148  147  149  150 1 18.9 75 1 ; SC-BB-BB-SC
 150  149  151  152 1 34.9 75 1 ; SC-BB-BB-SC
 152  151  153  154 1 18.2 75 1 ; SC-BB-BB-SC
 154  153  155  156 1 -29.1 75 1 ; SC-BB-BB-SC
 156  155  157  158 1 72.3 75 1 ; SC-BB-BB-SC
 158  157  159  160 1 136.7 75 1 ; SC-BB-BB-SC
 160  159  161  162 1 72.8 75 1 ; SC-BB-BB-SC
 165  164  166  167 1 178.8 75 1 ; SC-BB-BB-SC
 167  166  168  169 1 -132.0 75 1 ; SC-BB-BB-SC
 169  168  170  171 1 -127.1 75 1 ; SC-BB-BB-SC
 171  170  172  173 1 -156.0 75 1 ; SC-BB-BB-SC
 173  172  174  175 1 -129.1 75 1 ; SC-BB-BB-SC
 175  174  177  178 1 -140.4 75 1 ; SC-BB-BB-SC
 181  180  182  183 1 -165.1 75 1 ; SC-BB-BB-SC
 188  187  189  190 1 -60.7 75 1 ; SC-BB-BB-SC
 190  189  191  192 1 -161.2 75 1 ; SC-BB-BB-SC
 192  191  195  196 1 51.5 75 1 ; SC-BB-BB-SC
 196  195  198  199 1 98.4 75 1 ; SC-BB-BB-SC
 199  198  200  201 1 153.2 75 1 ; SC-BB-BB-SC
 201  200  202  203 1 -107.7 75 1 ; SC-BB-BB-SC
 203  202  204  205 1 117.6 75 1 ; SC-BB-BB-SC
 205  204  208  209 1 10.9 75 1 ; SC-BB-BB-SC
 209  208  210  211 1 35.6 75 1 ; SC-BB-BB-SC
 216  215  217  218 1 -93.6 75 1 ; SC-BB-BB-SC
 224  223  225  226 1 7.5 75 1 ; SC-BB-BB-SC
 226  225  227  228 1 75.5 75 1 ; SC-BB-BB-SC
 228  227  233  234 1 -107.4 75 1 ; SC-BB-BB-SC
 234  233  235  236 1 -153.2 75 1 ; SC-BB-BB-SC
 240  239  243  244 1 -168.3 75 1 ; SC-BB-BB-SC
 244  243  248  249 1 175.5 75 1 ; SC-BB-BB-SC
 249  248  250  251 1 169.0 75 1 ; SC-BB-BB-SC
 254  253  255  256 1 -168.1 75 1 ; SC-BB-BB-SC
 256  255  257  258 1 -175.3 75 1 ; SC-BB-BB-SC
 258  257  259  260 1 -72.0 75 1 ; SC-BB-BB-SC
 260  259  261  262 1 -116.8 75 1 ; SC-BB-BB-SC
 262  261  263  264 1 -108.3 75 1 ; SC-BB-BB-SC
 264  263  265  266 1 -122.4 75 1 ; SC-BB-BB-SC
 266  265  267  268 1 -154.4 75 1 ; SC-BB-BB-SC
 268  267  269  270 1 -115.1 75 1 ; SC-BB-BB-SC
 270  269  271  272 1 -114.0 75 1 ; SC-BB-BB-SC
 272  271  273  274 1 -130.9 75 1 ; SC-BB-BB-SC
 274  273  275  276 1 -129.2 75 1 ; SC-BB-BB-SC
 276  275  278  279 1 -119.8 75 1 ; SC-BB-BB-SC
 279  278  281  282 1 -145.9 75 1 ; SC-BB-BB-SC
 282  281  283  284 1 -113.3 75 1 ; SC-BB-BB-SC
 284  283  285  286 1 -158.1 75 1 ; SC-BB-BB-SC
 286  285  287  288 1 -141.2 75 1 ; SC-BB-BB-SC
 288  287  289  290 1 -128.9 75 1 ; SC-BB-BB-SC
 290  289  291  292 1 90.8 75 1 ; SC-BB-BB-SC
 292  291  293  294 1 100.9 75 1 ; SC-BB-BB-SC
 294  293  295  296 1 52.2 75 1 ; SC-BB-BB-SC
 296  295  297  298 1 2.3 75 1 ; SC-BB-BB-SC
 301  300  304  305 1 35.0 75 1 ; SC-BB-BB-SC
 305  304  306  307 1 -11.3 75 1 ; SC-BB-BB-SC
 307  306  308  309 1 23.9 75 1 ; SC-BB-BB-SC
 309  308  310  311 1 -1.3 75 1 ; SC-BB-BB-SC
 311  310  314  315 1 15.2 75 1 ; SC-BB-BB-SC
 315  314  316  317 1 60.7 75 1 ; SC-BB-BB-SC
 331  330  332  333 1 -132.2 75 1 ; SC-BB-BB-SC
 333  332  334  335 1 -126.2 75 1 ; SC-BB-BB-SC
 335  334  336  337 1 -113.1 75 1 ; SC-BB-BB-SC
 337  336  338  339 1 -139.1 75 1 ; SC-BB-BB-SC
 339  338  340  341 1 -138.8 75 1 ; SC-BB-BB-SC
 341  340  343  344 1 -133.8 75 1 ; SC-BB-BB-SC
 344  343  345  346 1 -153.2 75 1 ; SC-BB-BB-SC
 346  345  348  349 1 -113.6 75 1 ; SC-BB-BB-SC
 349  348  350  351 1 -175.1 75 1 ; SC-BB-BB-SC
 351  350  352  353 1 148.4 75 1 ; SC-BB-BB-SC
 353  352  357  358 1 63.0 75 1 ; SC-BB-BB-SC
 358  357  359  360 1 -169.7 75 1 ; SC-BB-BB-SC
 360  359  361  362 1 178.4 75 1 ; SC-BB-BB-SC
 362  361  364  365 1 90.2 75 1 ; SC-BB-BB-SC
 365  364  366  367 1 -15.6 75 1 ; SC-BB-BB-SC
 367  366  368  369 1 27.3 75 1 ; SC-BB-BB-SC
 369  368  370  371 1 37.0 75 1 ; SC-BB-BB-SC
 371  370  372  373 1 6.7 75 1 ; SC-BB-BB-SC
 373  372  376  377 1 59.8 75 1 ; SC-BB-BB-SC
 377  376  378  379 1 10.6 75 1 ; SC-BB-BB-SC
 379  378  380  381 1 42.1 75 1 ; SC-BB-BB-SC
 381  380  382  383 1 93.9 75 1 ; SC-BB-BB-SC
 383  382  384  385 1 64.9 75 1 ; SC-BB-BB-SC
 385  384  386  387 1 94.0 75 1 ; SC-BB-BB-SC
 387  386  388  389 1 175.9 75 1 ; SC-BB-BB-SC
 389  388  391  392 1 113.6 75 1 ; SC-BB-BB-SC
 392  391  393  394 1 54.5 75 1 ; SC-BB-BB-SC
 394  393  395  396 1 22.8 75 1 ; SC-BB-BB-SC
 396  395  397  398 1 100.1 75 1 ; SC-BB-BB-SC
 398  397  399  400 1 62.3 75 1 ; SC-BB-BB-SC
 400  399  401  402 1 -157.9 75 1 ; SC-BB-BB-SC
 402  401  403  404 1 -74.7 75 1 ; SC-BB-BB-SC
 404  403  405  406 1 -108.9 75 1 ; SC-BB-BB-SC
 406  405  407  408 1 170.9 75 1 ; SC-BB-BB-SC
 408  407  412  413 1 -155.8 75 1 ; SC-BB-BB-SC
 413  412  414  415 1 -145.0 75 1 ; SC-BB-BB-SC
 415  414  416  417 1 -143.4 75 1 ; SC-BB-BB-SC
 417  416  418  419 1 -150.5 75 1 ; SC-BB-BB-SC
 419  418  420  421 1 -138.8 75 1 ; SC-BB-BB-SC
 421  420  422  423 1 -122.3 75 1 ; SC-BB-BB-SC
 423  422  424  425 1 -111.7 75 1 ; SC-BB-BB-SC
 425  424  428  429 1 -164.0 75 1 ; SC-BB-BB-SC
 429  428  430  431 1 -119.1 75 1 ; SC-BB-BB-SC
 431  430  432  433 1 -118.2 75 1 ; SC-BB-BB-SC
 433  432  434  435 1 -177.3 75 1 ; SC-BB-BB-SC
 435  434  436  437 1 -167.4 75 1 ; SC-BB-BB-SC
 437  436  438  439 1 128.3 75 1 ; SC-BB-BB-SC
 439  438  440  441 1 51.2 75 1 ; SC-BB-BB-SC
 441  440  442  443 1 111.2 75 1 ; SC-BB-BB-SC
 443  442  444  445 1 10.7 75 1 ; SC-BB-BB-SC
 445  444  446  447 1 18.9 75 1 ; SC-BB-BB-SC
 447  446  451  452 1 46.5 75 1 ; SC-BB-BB-SC
 452  451  453  454 1 28.3 75 1 ; SC-BB-BB-SC
 454  453  455  456 1 9.7 75 1 ; SC-BB-BB-SC
 456  455  457  458 1 76.0 75 1 ; SC-BB-BB-SC
 458  457  459  460 1 -142.7 75 1 ; SC-BB-BB-SC
 460  459  461  462 1 -101.1 75 1 ; SC-BB-BB-SC
 462  461  463  464 1 -154.5 75 1 ; SC-BB-BB-SC
 464  463  465  466 1 -137.7 75 1 ; SC-BB-BB-SC
 466  465  470  471 1 -156.5 75 1 ; SC-BB-BB-SC
 471  470  472  473 1 -142.1 75 1 ; SC-BB-BB-SC
 473  472  474  475 1 -150.7 75 1 ; SC-BB-BB-SC
 475  474  476  477 1 -153.8 75 1 ; SC-BB-BB-SC
 477  476  480  481 1 -145.9 75 1 ; SC-BB-BB-SC
 481  480  483  484 1 -161.7 75 1 ; SC-BB-BB-SC
 484  483  485  486 1 170.2 75 1 ; SC-BB-BB-SC
 486  485  487  488 1 -2.7 75 1 ; SC-BB-BB-SC
 488  487  490  491 1 26.1 75 1 ; SC-BB-BB-SC
 491  490  492  493 1 89.3 75 1 ; SC-BB-BB-SC
 493  492  494  495 1 133.9 75 1 ; SC-BB-BB-SC
 495  494  496  497 1 41.3 75 1 ; SC-BB-BB-SC
 497  496  498  499 1 9.5 75 1 ; SC-BB-BB-SC
 499  498  500  501 1 88.6 75 1 ; SC-BB-BB-SC
 507  506  508  509 1 -153.7 75 1 ; SC-BB-BB-SC
 509  508  510  511 1 -154.2 75 1 ; SC-BB-BB-SC
 511  510  512  513 1 -137.2 75 1 ; SC-BB-BB-SC
 513  512  516  517 1 -129.8 75 1 ; SC-BB-BB-SC
 517  516  518  519 1 -142.8 75 1 ; SC-BB-BB-SC
 519  518  520  521 1 -132.9 75 1 ; SC-BB-BB-SC
 521  520  522  523 1 -144.5 75 1 ; SC-BB-BB-SC
 523  522  524  525 1 -145.5 75 1 ; SC-BB-BB-SC
 525  524  526  527 1 -132.2 75 1 ; SC-BB-BB-SC
 527  526  528  529 1 -142.8 75 1 ; SC-BB-BB-SC
 532  531  533  534 1 -156.4 75 1 ; SC-BB-BB-SC
 534  533  535  536 1 -80.9 75 1 ; SC-BB-BB-SC
 536  535  537  538 1 -143.4 75 1 ; SC-BB-BB-SC
 538  537  539  540 1 -160.7 75 1 ; SC-BB-BB-SC
 540  539  541  542 1 -165.6 75 1 ; SC-BB-BB-SC
 542  541  544  545 1 115.4 75 1 ; SC-BB-BB-SC
 545  544  548  549 1 100.9 75 1 ; SC-BB-BB-SC
 552  551  553  554 1 91.1 75 1 ; SC-BB-BB-SC
 554  553  555  556 1 18.8 75 1 ; SC-BB-BB-SC
 556  555  557  558 1 20.8 75 1 ; SC-BB-BB-SC
 558  557  559  560 1 61.3 75 1 ; SC-BB-BB-SC
 560  559  561  562 1 87.7 75 1 ; SC-BB-BB-SC
 562  561  563  564 1 -152.3 75 1 ; SC-BB-BB-SC
 564  563  566  567 1 -120.7 75 1 ; SC-BB-BB-SC
 567  566  569  570 1 -138.5 75 1 ; SC-BB-BB-SC
 570  569  571  572 1 -124.1 75 1 ; SC-BB-BB-SC
 572  571  573  574 1 -142.1 75 1 ; SC-BB-BB-SC
 574  573  575  576 1 -150.4 75 1 ; SC-BB-BB-SC
 576  575  577  578 1 -173.5 75 1 ; SC-BB-BB-SC
 578  577  579  580 1 -176.6 75 1 ; SC-BB-BB-SC
 580  579  581  582 1 63.2 75 1 ; SC-BB-BB-SC
 582  581  583  584 1 97.0 75 1 ; SC-BB-BB-SC
 584  583  587  588 1 125.8 75 1 ; SC-BB-BB-SC
 588  587  589  590 1 165.4 75 1 ; SC-BB-BB-SC
 590  589  592  593 1 177.1 75 1 ; SC-BB-BB-SC
 593  592  594  595 1 31.2 75 1 ; SC-BB-BB-SC
 595  594  598  599 1 -133.5 75 1 ; SC-BB-BB-SC
 599  598  602  603 1 38.2 75 1 ; SC-BB-BB-SC
 603  602  606  607 1 61.8 75 1 ; SC-BB-BB-SC
 607  606  608  609 1 35.6 75 1 ; SC-BB-BB-SC
 612  611  615  616 1 -0.8 75 1 ; SC-BB-BB-SC
 616  615  617  618 1 -85.3 75 1 ; SC-BB-BB-SC
 618  617  619  620 1 -9.8 75 1 ; SC-BB-BB-SC
 620  619  621  622 1 27.8 75 1 ; SC-BB-BB-SC
 622  621  623  624 1 73.8 75 1 ; SC-BB-BB-SC
 624  623  625  626 1 74.3 75 1 ; SC-BB-BB-SC
 630  629  631  632 1 -74.6 75 1 ; SC-BB-BB-SC
 632  631  633  634 1 -121.9 75 1 ; SC-BB-BB-SC
 634  633  635  636 1 -174.0 75 1 ; SC-BB-BB-SC
 636  635  640  641 1 57.3 75 1 ; SC-BB-BB-SC
 641  640  643  644 1 29.6 75 1 ; SC-BB-BB-SC
 644  643  645  646 1 44.7 75 1 ; SC-BB-BB-SC
 646  645  647  648 1 19.3 75 1 ; SC-BB-BB-SC
 648  647  649  650 1 88.2 75 1 ; SC-BB-BB-SC
 650  649  651  652 1 -109.4 75 1 ; SC-BB-BB-SC
 652  651  653  654 1 149.9 75 1 ; SC-BB-BB-SC
 654  653  655  656 1 -145.5 75 1 ; SC-BB-BB-SC
 656  655  657  658 1 -140.8 75 1 ; SC-BB-BB-SC
 658  657  659  660 1 -130.3 75 1 ; SC-BB-BB-SC
 660  659  661  662 1 -162.4 75 1 ; SC-BB-BB-SC
 662  661  663  664 1 -109.6 75 1 ; SC-BB-BB-SC
 664  663  665  666 1 146.1 75 1 ; SC-BB-BB-SC
 666  665  669  670 1 -12.9 75 1 ; SC-BB-BB-SC
 670  669  671  672 1 90.6 75 1 ; SC-BB-BB-SC
 672  671  673  674 1 -146.1 75 1 ; SC-BB-BB-SC
 674  673  676  677 1 -159.7 75 1 ; SC-BB-BB-SC
 677  676  678  679 1 -97.1 75 1 ; SC-BB-BB-SC
 679  678  680  681 1 85.3 75 1 ; SC-BB-BB-SC
 681  680  682  683 1 115.1 75 1 ; SC-BB-BB-SC
 683  682  684  685 1 57.3 75 1 ; SC-BB-BB-SC
 685  684  686  687 1 -22.9 75 1 ; SC-BB-BB-SC
 687  686  688  689 1 26.7 75 1 ; SC-BB-BB-SC
 689  688  690  691 1 104.0 75 1 ; SC-BB-BB-SC
 691  690  692  693 1 -169.4 75 1 ; SC-BB-BB-SC
 693  692  695  696 1 -155.6 75 1 ; SC-BB-BB-SC
 701  700  703  704 1 50.8 75 1 ; SC-BB-BB-SC
 704  703  708  709 1 48.4 75 1 ; SC-BB-BB-SC
 709  708  710  711 1 108.1 75 1 ; SC-BB-BB-SC
 711  710  712  713 1 0.5 75 1 ; SC-BB-BB-SC
 713  712  714  715 1 17.1 75 1 ; SC-BB-BB-SC
 715  714  716  717 1 16.2 75 1 ; SC-BB-BB-SC
 717  716  718  719 1 10.0 75 1 ; SC-BB-BB-SC
 719  718  720  721 1 29.1 75 1 ; SC-BB-BB-SC
 721  720  724  725 1 28.8 75 1 ; SC-BB-BB-SC
 729  728  731  732 1 24.6 75 1 ; SC-BB-BB-SC
 732  731  733  734 1 70.5 75 1 ; SC-BB-BB-SC
 734  733  735  736 1 13.2 75 1 ; SC-BB-BB-SC
 736  735  737  738 1 -72.8 75 1 ; SC-BB-BB-SC
 738  737  740  741 1 -125.4 75 1 ; SC-BB-BB-SC
 741  740  742  743 1 -132.1 75 1 ; SC-BB-BB-SC
 743  742  744  745 1 -142.9 75 1 ; SC-BB-BB-SC
 745  744  746  747 1 -130.2 75 1 ; SC-BB-BB-SC
 747  746  748  749 1 -148.6 75 1 ; SC-BB-BB-SC
 749  748  750  751 1 -151.9 75 1 ; SC-BB-BB-SC
 751  750  752  753 1 -118.9 75 1 ; SC-BB-BB-SC
 753  752  754  755 1 -126.3 75 1 ; SC-BB-BB-SC
 755  754  756  757 1 -131.5 75 1 ; SC-BB-BB-SC
 757  756  758  759 1 -134.8 75 1 ; SC-BB-BB-SC
 759  758  760  761 1 -128.2 75 1 ; SC-BB-BB-SC
 761  760  762  763 1 -153.7 75 1 ; SC-BB-BB-SC
 763  762  765  766 1 157.3 75 1 ; SC-BB-BB-SC
 766  765  767  768 1 3.8 75 1 ; SC-BB-BB-SC
 768  767  769  770 1 -153.9 75 1 ; SC-BB-BB-SC
 770  769  771  772 1 174.7 75 1 ; SC-BB-BB-SC
 772  771  776  777 1 117.2 75 1 ; SC-BB-BB-SC
 777  776  780  781 1 68.6 75 1 ; SC-BB-BB-SC
 781  780  782  783 1 63.7 75 1 ; SC-BB-BB-SC
 783  782  784  785 1 -118.8 75 1 ; SC-BB-BB-SC
 785  784  790  791 1 141.1 75 1 ; SC-BB-BB-SC
 791  790  792  793 1 64.3 75 1 ; SC-BB-BB-SC
 793  792  794  795 1 179.5 75 1 ; SC-BB-BB-SC
 795  794  796  797 1 28.3 75 1 ; SC-BB-BB-SC
 797  796  798  799 1 131.6 75 1 ; SC-BB-BB-SC
 799  798  800  801 1 4.7 75 1 ; SC-BB-BB-SC
 801  800  803  804 1 21.3 75 1 ; SC-BB-BB-SC
 804  803  805  806 1 6.1 75 1 ; SC-BB-BB-SC
 806  805  807  808 1 11.9 75 1 ; SC-BB-BB-SC
 808  807  809  810 1 5.2 75 1 ; SC-BB-BB-SC
 810  809  811  812 1 84.2 75 1 ; SC-BB-BB-SC
 812  811  813  814 1 142.0 75 1 ; SC-BB-BB-SC
 814  813  815  816 1 84.2 75 1 ; SC-BB-BB-SC
 816  815  817  818 1 67.0 75 1 ; SC-BB-BB-SC
 824  823  825  826 1 59.3 75 1 ; SC-BB-BB-SC
 826  825  828  829 1 111.9 75 1 ; SC-BB-BB-SC
 829  828  830  831 1 -5.9 75 1 ; SC-BB-BB-SC
 831  830  832  833 1 23.5 75 1 ; SC-BB-BB-SC
 833  832  834  835 1 11.6 75 1 ; SC-BB-BB-SC
 835  834  836  837 1 25.4 75 1 ; SC-BB-BB-SC
 837  836  840  841 1 2.2 75 1 ; SC-BB-BB-SC
 844  843  845  846 1 -6.1 75 1 ; SC-BB-BB-SC
 846  845  847  848 1 78.1 75 1 ; SC-BB-BB-SC
 848  847  849  850 1 -92.9 75 1 ; SC-BB-BB-SC
 850  849  851  852 1 -118.4 75 1 ; SC-BB-BB-SC
 852  851  853  854 1 -79.9 75 1 ; SC-BB-BB-SC
 854  853  855  856 1 -108.8 75 1 ; SC-BB-BB-SC
 856  855  857  858 1 -123.9 75 1 ; SC-BB-BB-SC
 858  857  859  860 1 -136.8 75 1 ; SC-BB-BB-SC
 860  859  863  864 1 -143.4 75 1 ; SC-BB-BB-SC
 864  863  866  867 1 -121.2 75 1 ; SC-BB-BB-SC
 867  866  869  870 1 -155.3 75 1 ; SC-BB-BB-SC
 870  869  871  872 1 -122.2 75 1 ; SC-BB-BB-SC
 872  871  873  874 1 -122.6 75 1 ; SC-BB-BB-SC
 874  873  875  876 1 -138.7 75 1 ; SC-BB-BB-SC
 876  875  877  878 1 -136.3 75 1 ; SC-BB-BB-SC
 878  877  881  882 1 -109.4 75 1 ; SC-BB-BB-SC
 882  881  883  884 1 -143.9 75 1 ; SC-BB-BB-SC
 884  883  885  886 1 -157.0 75 1 ; SC-BB-BB-SC
 886  885  887  888 1 -146.5 75 1 ; SC-BB-BB-SC
 888  887  891  892 1 -98.2 75 1 ; SC-BB-BB-SC
 892  891  894  895 1 -177.7 75 1 ; SC-BB-BB-SC
 895  894  897  898 1 3.2 75 1 ; SC-BB-BB-SC
 898  897  900  901 1 27.0 75 1 ; SC-BB-BB-SC
 901  900  902  903 1 -152.4 75 1 ; SC-BB-BB-SC
 903  902  906  907 1 -96.4 75 1 ; SC-BB-BB-SC
 907  906  908  909 1 -80.7 75 1 ; SC-BB-BB-SC
 909  908  912  913 1 -153.2 75 1 ; SC-BB-BB-SC
 913  912  918  919 1 -173.9 75 1 ; SC-BB-BB-SC
 919  918  923  924 1 -155.6 75 1 ; SC-BB-BB-SC
 930  929  931  932 1 20.8 75 1 ; SC-BB-BB-SC
 932  931  933  934 1 103.2 75 1 ; SC-BB-BB-SC
 934  933  935  936 1 -97.8 75 1 ; SC-BB-BB-SC
 936  935  937  938 1 -145.9 75 1 ; SC-BB-BB-SC
 938  937  939  940 1 -102.2 75 1 ; SC-BB-BB-SC
 940  939  943  944 1 -133.2 75 1 ; SC-BB-BB-SC
 944  943  945  946 1 -152.2 75 1 ; SC-BB-BB-SC
 946  945  947  948 1 -136.4 75 1 ; SC-BB-BB-SC
 948  947  949  950 1 -152.1 75 1 ; SC-BB-BB-SC
 950  949  951  952 1 -96.9 75 1 ; SC-BB-BB-SC
 952  951  953  954 1 -138.7 75 1 ; SC-BB-BB-SC
 954  953  955  956 1 -148.0 75 1 ; SC-BB-BB-SC
 956  955  957  958 1 -120.7 75 1 ; SC-BB-BB-SC
 958  957  959  960 1 -139.0 75 1 ; SC-BB-BB-SC
 960  959  961  962 1 -99.5 75 1 ; SC-BB-BB-SC
 962  961  963  964 1 -120.5 75 1 ; SC-BB-BB-SC
 964  963  965  966 1 -143.2 75 1 ; SC-BB-BB-SC
 966  965  967  968 1 -146.6 75 1 ; SC-BB-BB-SC
 968  967  969  970 1 -119.3 75 1 ; SC-BB-BB-SC
 970  969  974  975 1 -166.7 75 1 ; SC-BB-BB-SC
 975  974  976  977 1 -108.4 75 1 ; SC-BB-BB-SC
 977  976  978  979 1 -107.9 75 1 ; SC-BB-BB-SC
 979  978  983  984 1 -166.4 75 1 ; SC-BB-BB-SC
 984  983  985  986 1 47.6 75 1 ; SC-BB-BB-SC
 986  985  987  988 1 101.5 75 1 ; SC-BB-BB-SC
 988  987  989  990 1 68.4 75 1 ; SC-BB-BB-SC
 990  989  991  992 1 152.6 75 1 ; SC-BB-BB-SC
 992  991  993  994 1 -11.9 75 1 ; SC-BB-BB-SC
 994  993  995  996 1 -144.5 75 1 ; SC-BB-BB-SC
 996  995  997  998 1 -140.6 75 1 ; SC-BB-BB-SC
1001 1000 1002 1003 1 -70.5 75 1 ; SC-BB-BB-SC
1003 1002 1006 1007 1 49.7 75 1 ; SC-BB-BB-SC
1007 1006 1008 1009 1 4.6 75 1 ; SC-BB-BB-SC
1009 1008 1010 1011 1 105.1 75 1 ; SC-BB-BB-SC
1014 1013 1015 1016 1 69.5 75 1 ; SC-BB-BB-SC
1016 1015 1017 1018 1 -139.3 75 1 ; SC-BB-BB-SC
1018 1017 1019 1020 1 -120.4 75 1 ; SC-BB-BB-SC
1020 1019 1021 1022 1 -162.1 75 1 ; SC-BB-BB-SC
  20   22   23   24 1 24.9 75 1 ; BB-BB-BB-SC
  21   20   22   23 1 -25.0 75 1 ; SC-BB-BB-BB
  25   27   28   29 1 80.3 75 1 ; BB-BB-BB-SC
  26   25   27   28 1 25.4 75 1 ; SC-BB-BB-BB
  32   34   35   36 1 108.0 75 1 ; BB-BB-BB-SC
  33   32   34   35 1 11.6 75 1 ; SC-BB-BB-BB
  62   66   67   68 1 132.9 75 1 ; BB-BB-BB-SC
  63   62   66   67 1 -144.2 75 1 ; SC-BB-BB-BB
  73   75   76   77 1 138.6 75 1 ; BB-BB-BB-SC
  74   73   75   76 1 -163.2 75 1 ; SC-BB-BB-BB
  83   87   88   89 1 -119.1 75 1 ; BB-BB-BB-SC
  84   83   87   88 1 170.5 75 1 ; SC-BB-BB-BB
 127  129  130  131 1 -17.6 75 1 ; BB-BB-BB-SC
 128  127  129  130 1 36.3 75 1 ; SC-BB-BB-BB
 161  163  164  165 1 110.8 75 1 ; BB-BB-BB-SC
 162  161  163  164 1 -12.9 75 1 ; SC-BB-BB-BB
 177  179  180  181 1 -66.8 75 1 ; BB-BB-BB-SC
 178  177  179  180 1 7.7 75 1 ; SC-BB-BB-BB
 182  186  187  188 1 71.1 75 1 ; BB-BB-BB-SC
 183  182  186  187 1 84.2 75 1 ; SC-BB-BB-BB
 210  214  215  216 1 -165.5 75 1 ; BB-BB-BB-SC
 211  210  214  215 1 -133.4 75 1 ; SC-BB-BB-BB
 217  219  220  221 1 -16.5 75 1 ; BB-BB-BB-SC
 218  217  219  220 1 115.5 75 1 ; SC-BB-BB-BB
 220  222  223  224 1 -57.6 75 1 ; BB-BB-BB-SC
 221  220  222  223 1 161.0 75 1 ; SC-BB-BB-BB
 235  238  239  240 1 73.0 75 1 ; BB-BB-BB-SC
 236  235  238  239 1 -6.3 75 1 ; SC-BB-BB-BB
 250  252  253  254 1 110.4 75 1 ; BB-BB-BB-SC
 251  250  252  253 1 18.8 75 1 ; SC-BB-BB-BB
 297  299  300  301 1 55.5 75 1 ; BB-BB-BB-SC
 298  297  299  300 1 116.5 75 1 ; SC-BB-BB-BB
 321  323  324  325 1 89.1 75 1 ; BB-BB-BB-SC
 322  321  323  324 1 -4.4 75 1 ; SC-BB-BB-BB
 324  326  327  328 1 72.7 75 1 ; BB-BB-BB-SC
 325  324  326  327 1 -9.1 75 1 ; SC-BB-BB-BB
 327  329  330  331 1 96.8 75 1 ; BB-BB-BB-SC
 328  327  329  330 1 33.2 75 1 ; SC-BB-BB-BB
 500  505  506  507 1 86.2 75 1 ; BB-BB-BB-SC
 501  500  505  506 1 23.2 75 1 ; SC-BB-BB-BB
 528  530  531  532 1 95.9 75 1 ; BB-BB-BB-SC
 529  528  530  531 1 19.4 75 1 ; SC-BB-BB-BB
 548  550  551  552 1 78.2 75 1 ; BB-BB-BB-SC
 549  548  550  551 1 -1.2 75 1 ; SC-BB-BB-BB
 608  610  611  612 1 79.3 75 1 ; BB-BB-BB-SC
 609  608  610  611 1 -84.4 75 1 ; SC-BB-BB-BB
 625  628  629  630 1 72.2 75 1 ; BB-BB-BB-SC
 626  625  628  629 1 4.6 75 1 ; SC-BB-BB-BB
 695  699  700  701 1 22.7 75 1 ; BB-BB-BB-SC
 696  695  699  700 1 135.8 75 1 ; SC-BB-BB-BB
 724  727  728  729 1 13.2 75 1 ; BB-BB-BB-SC
 725  724  727  728 1 -10.0 75 1 ; SC-BB-BB-BB
 819  822  823  824 1 95.3 75 1 ; BB-BB-BB-SC
 820  819  822  823 1 55.9 75 1 ; SC-BB-BB-BB
 840  842  843  844 1 100.1 75 1 ; BB-BB-BB-SC
 841  840  842  843 1 -83.8 75 1 ; SC-BB-BB-BB
 923  925  926  927 1 51.5 75 1 ; BB-BB-BB-SC
 924  923  925  926 1 12.0 75 1 ; SC-BB-BB-BB
 926  928  929  930 1 122.0 75 1 ; BB-BB-BB-SC
 927  926  928  929 1 -135.0 75 1 ; SC-BB-BB-BB
 997  999 1000 1001 1 54.4 75 1 ; BB-BB-BB-SC
 998  997  999 1000 1 23.0 75 1 ; SC-BB-BB-BB
1010 1012 1013 1014 1 27.6 75 1 ; BB-BB-BB-SC
1011 1010 1012 1013 1 141.4 75 1 ; SC-BB-BB-BB
 319  320  321  322 1 74.6 75 1 ; BB-BB-BB-SC
 317  316  318  319 1 8.8 75 1 ; SC-BB-BB-BB
1024 1023 1025 1026 1 141.8 75 1 ; SC-BB-BB-SC
1026 1025 1028 1029 1 4.8 75 1 ; SC-BB-BB-SC
1029 1028 1030 1031 1 15.9 75 1 ; SC-BB-BB-SC
1031 1030 1032 1033 1 21.1 75 1 ; SC-BB-BB-SC
1033 1032 1034 1035 1 37.8 75 1 ; SC-BB-BB-SC
1035 1034 1036 1037 1 21.0 75 1 ; SC-BB-BB-SC
1037 1036 1038 1039 1 19.3 75 1 ; SC-BB-BB-SC
1039 1038 1042 1043 1 27.0 75 1 ; SC-BB-BB-SC
1046 1045 1047 1048 1 -113.9 75 1 ; SC-BB-BB-SC
1051 1050 1052 1053 1 -139.4 75 1 ; SC-BB-BB-SC
1053 1052 1054 1055 1 -149.9 75 1 ; SC-BB-BB-SC
1058 1057 1059 1060 1 -139.7 75 1 ; SC-BB-BB-SC
1060 1059 1061 1062 1 -150.5 75 1 ; SC-BB-BB-SC
1062 1061 1063 1064 1 -162.9 75 1 ; SC-BB-BB-SC
1064 1063 1069 1070 1 -118.6 75 1 ; SC-BB-BB-SC
1070 1069 1071 1072 1 -128.5 75 1 ; SC-BB-BB-SC
1072 1071 1073 1074 1 -115.2 75 1 ; SC-BB-BB-SC
1074 1073 1078 1079 1 -152.0 75 1 ; SC-BB-BB-SC
1079 1078 1080 1081 1 -157.1 75 1 ; SC-BB-BB-SC
1081 1080 1082 1083 1 -120.4 75 1 ; SC-BB-BB-SC
1083 1082 1084 1085 1 176.8 75 1 ; SC-BB-BB-SC
1090 1089 1091 1092 1 55.3 75 1 ; SC-BB-BB-SC
1092 1091 1093 1094 1 114.8 75 1 ; SC-BB-BB-SC
1094 1093 1095 1096 1 140.3 75 1 ; SC-BB-BB-SC
1099 1098 1100 1101 1 3.7 75 1 ; SC-BB-BB-SC
1101 1100 1102 1103 1 55.4 75 1 ; SC-BB-BB-SC
1103 1102 1104 1105 1 157.4 75 1 ; SC-BB-BB-SC
1105 1104 1106 1107 1 91.6 75 1 ; SC-BB-BB-SC
1107 1106 1108 1109 1 -100.6 75 1 ; SC-BB-BB-SC
1109 1108 1111 1112 1 -152.9 75 1 ; SC-BB-BB-SC
1112 1111 1113 1114 1 -154.1 75 1 ; SC-BB-BB-SC
1119 1118 1120 1121 1 143.4 75 1 ; SC-BB-BB-SC
1121 1120 1122 1123 1 -99.9 75 1 ; SC-BB-BB-SC
1123 1122 1124 1125 1 -57.4 75 1 ; SC-BB-BB-SC
1125 1124 1128 1129 1 -138.8 75 1 ; SC-BB-BB-SC
1129 1128 1130 1131 1 -80.5 75 1 ; SC-BB-BB-SC
1131 1130 1132 1133 1 172.0 75 1 ; SC-BB-BB-SC
1133 1132 1136 1137 1 135.2 75 1 ; SC-BB-BB-SC
1137 1136 1140 1141 1 40.3 75 1 ; SC-BB-BB-SC
1141 1140 1142 1143 1 55.0 75 1 ; SC-BB-BB-SC
1143 1142 1144 1145 1 25.1 75 1 ; SC-BB-BB-SC
1151 1150 1153 1154 1 21.4 75 1 ; SC-BB-BB-SC
1154 1153 1157 1158 1 35.7 75 1 ; SC-BB-BB-SC
1158 1157 1159 1160 1 77.7 75 1 ; SC-BB-BB-SC
1160 1159 1161 1162 1 33.6 75 1 ; SC-BB-BB-SC
1162 1161 1164 1165 1 1.4 75 1 ; SC-BB-BB-SC
1165 1164 1166 1167 1 9.8 75 1 ; SC-BB-BB-SC
1167 1166 1168 1169 1 20.1 75 1 ; SC-BB-BB-SC
1169 1168 1172 1173 1 18.7 75 1 ; SC-BB-BB-SC
1173 1172 1174 1175 1 -29.4 75 1 ; SC-BB-BB-SC
1175 1174 1176 1177 1 76.2 75 1 ; SC-BB-BB-SC
1177 1176 1178 1179 1 131.0 75 1 ; SC-BB-BB-SC
1179 1178 1180 1181 1 89.5 75 1 ; SC-BB-BB-SC
1181 1180 1182 1183 1 -138.4 75 1 ; SC-BB-BB-SC
1183 1182 1184 1185 1 -154.7 75 1 ; SC-BB-BB-SC
1185 1184 1186 1187 1 -152.6 75 1 ; SC-BB-BB-SC
1187 1186 1188 1189 1 -140.2 75 1 ; SC-BB-BB-SC
1189 1188 1190 1191 1 -112.7 75 1 ; SC-BB-BB-SC
1191 1190 1192 1193 1 -156.4 75 1 ; SC-BB-BB-SC
1193 1192 1194 1195 1 -152.4 75 1 ; SC-BB-BB-SC
1195 1194 1197 1198 1 175.2 75 1 ; SC-BB-BB-SC
1201 1200 1202 1203 1 165.5 75 1 ; SC-BB-BB-SC
1203 1202 1207 1208 1 2.5 75 1 ; SC-BB-BB-SC
1208 1207 1210 1211 1 -173.3 75 1 ; SC-BB-BB-SC
1211 1210 1212 1213 1 -66.6 75 1 ; SC-BB-BB-SC
1213 1212 1214 1215 1 -171.1 75 1 ; SC-BB-BB-SC
1215 1214 1218 1219 1 55.0 75 1 ; SC-BB-BB-SC
1219 1218 1222 1223 1 100.5 75 1 ; SC-BB-BB-SC
1223 1222 1224 1225 1 139.0 75 1 ; SC-BB-BB-SC
1225 1224 1226 1227 1 -70.9 75 1 ; SC-BB-BB-SC
1227 1226 1228 1229 1 143.5 75 1 ; SC-BB-BB-SC
1229 1228 1230 1231 1 34.9 75 1 ; SC-BB-BB-SC
1231 1230 1232 1233 1 24.5 75 1 ; SC-BB-BB-SC
1236 1235 1238 1239 1 128.3 75 1 ; SC-BB-BB-SC
1239 1238 1240 1241 1 38.4 75 1 ; SC-BB-BB-SC
1241 1240 1242 1243 1 99.5 75 1 ; SC-BB-BB-SC
1243 1242 1244 1245 1 6.5 75 1 ; SC-BB-BB-SC
1245 1244 1246 1247 1 56.6 75 1 ; SC-BB-BB-SC
1247 1246 1248 1249 1 6.6 75 1 ; SC-BB-BB-SC
1249 1248 1250 1251 1 82.9 75 1 ; SC-BB-BB-SC
1251 1250 1255 1256 1 -120.3 75 1 ; SC-BB-BB-SC
1256 1255 1257 1258 1 -150.5 75 1 ; SC-BB-BB-SC
1262 1261 1265 1266 1 -175.5 75 1 ; SC-BB-BB-SC
1266 1265 1270 1271 1 -149.6 75 1 ; SC-BB-BB-SC
1271 1270 1272 1273 1 170.1 75 1 ; SC-BB-BB-SC
1276 1275 1278 1279 1 -128.5 75 1 ; SC-BB-BB-SC
1279 1278 1280 1281 1 162.4 75 1 ; SC-BB-BB-SC
1281 1280 1282 1283 1 -77.8 75 1 ; SC-BB-BB-SC
1283 1282 1284 1285 1 -133.6 75 1 ; SC-BB-BB-SC
1285 1284 1286 1287 1 -102.5 75 1 ; SC-BB-BB-SC
1287 1286 1288 1289 1 -117.1 75 1 ; SC-BB-BB-SC
1289 1288 1290 1291 1 -137.4 75 1 ; SC-BB-BB-SC
1291 1290 1292 1293 1 -140.2 75 1 ; SC-BB-BB-SC
1293 1292 1294 1295 1 -122.8 75 1 ; SC-BB-BB-SC
1295 1294 1297 1298 1 -139.1 75 1 ; SC-BB-BB-SC
1298 1297 1299 1300 1 -118.7 75 1 ; SC-BB-BB-SC
1300 1299 1302 1303 1 -129.5 75 1 ; SC-BB-BB-SC
1303 1302 1305 1306 1 -152.7 75 1 ; SC-BB-BB-SC
1306 1305 1307 1308 1 -125.1 75 1 ; SC-BB-BB-SC
1308 1307 1309 1310 1 -147.6 75 1 ; SC-BB-BB-SC
1310 1309 1311 1312 1 153.7 75 1 ; SC-BB-BB-SC
1312 1311 1313 1314 1 -36.0 75 1 ; SC-BB-BB-SC
1314 1313 1315 1316 1 54.4 75 1 ; SC-BB-BB-SC
1319 1318 1320 1321 1 37.0 75 1 ; SC-BB-BB-SC
1324 1323 1327 1328 1 27.6 75 1 ; SC-BB-BB-SC
1328 1327 1329 1330 1 32.5 75 1 ; SC-BB-BB-SC
1330 1329 1331 1332 1 20.4 75 1 ; SC-BB-BB-SC
1332 1331 1335 1336 1 22.2 75 1 ; SC-BB-BB-SC
1336 1335 1339 1340 1 24.1 75 1 ; SC-BB-BB-SC
1340 1339 1341 1342 1 68.9 75 1 ; SC-BB-BB-SC
1355 1354 1358 1359 1 -113.2 75 1 ; SC-BB-BB-SC
1359 1358 1360 1361 1 -109.3 75 1 ; SC-BB-BB-SC
1361 1360 1362 1363 1 -166.8 75 1 ; SC-BB-BB-SC
1363 1362 1364 1365 1 -125.4 75 1 ; SC-BB-BB-SC
1365 1364 1366 1367 1 -139.0 75 1 ; SC-BB-BB-SC
1367 1366 1368 1369 1 -90.5 75 1 ; SC-BB-BB-SC
1369 1368 1370 1371 1 -145.3 75 1 ; SC-BB-BB-SC
1371 1370 1373 1374 1 -133.2 75 1 ; SC-BB-BB-SC
1374 1373 1375 1376 1 -128.1 75 1 ; SC-BB-BB-SC
1376 1375 1377 1378 1 -157.1 75 1 ; SC-BB-BB-SC
1378 1377 1379 1380 1 -144.8 75 1 ; SC-BB-BB-SC
1380 1379 1381 1382 1 -160.3 75 1 ; SC-BB-BB-SC
1388 1387 1390 1391 1 -109.1 75 1 ; SC-BB-BB-SC
1391 1390 1393 1394 1 93.6 75 1 ; SC-BB-BB-SC
1394 1393 1395 1396 1 0.6 75 1 ; SC-BB-BB-SC
1396 1395 1398 1399 1 18.8 75 1 ; SC-BB-BB-SC
1399 1398 1400 1401 1 40.1 75 1 ; SC-BB-BB-SC
1401 1400 1402 1403 1 12.7 75 1 ; SC-BB-BB-SC
1403 1402 1406 1407 1 31.8 75 1 ; SC-BB-BB-SC
1407 1406 1408 1409 1 37.1 75 1 ; SC-BB-BB-SC
1409 1408 1410 1411 1 35.9 75 1 ; SC-BB-BB-SC
1411 1410 1415 1416 1 92.5 75 1 ; SC-BB-BB-SC
1416 1415 1417 1418 1 35.3 75 1 ; SC-BB-BB-SC
1418 1417 1419 1420 1 116.6 75 1 ; SC-BB-BB-SC
1420 1419 1421 1422 1 142.3 75 1 ; SC-BB-BB-SC
1422 1421 1423 1424 1 155.4 75 1 ; SC-BB-BB-SC
1424 1423 1425 1426 1 -2.3 75 1 ; SC-BB-BB-SC
1426 1425 1427 1428 1 59.7 75 1 ; SC-BB-BB-SC
1428 1427 1429 1430 1 163.6 75 1 ; SC-BB-BB-SC
1430 1429 1431 1432 1 60.9 75 1 ; SC-BB-BB-SC
1432 1431 1433 1434 1 -159.5 75 1 ; SC-BB-BB-SC
1434 1433 1435 1436 1 -84.3 75 1 ; SC-BB-BB-SC
1436 1435 1437 1438 1 -108.6 75 1 ; SC-BB-BB-SC
1438 1437 1439 1440 1 179.1 75 1 ; SC-BB-BB-SC
1440 1439 1444 1445 1 -157.8 75 1 ; SC-BB-BB-SC
1445 1444 1446 1447 1 -146.3 75 1 ; SC-BB-BB-SC
1447 1446 1448 1449 1 -160.9 75 1 ; SC-BB-BB-SC
1449 1448 1450 1451 1 -140.5 75 1 ; SC-BB-BB-SC
1451 1450 1452 1453 1 -129.7 75 1 ; SC-BB-BB-SC
1453 1452 1454 1455 1 -129.9 75 1 ; SC-BB-BB-SC
1455 1454 1456 1457 1 -122.2 75 1 ; SC-BB-BB-SC
1457 1456 1460 1461 1 -130.7 75 1 ; SC-BB-BB-SC
1461 1460 1462 1463 1 -136.1 75 1 ; SC-BB-BB-SC
1463 1462 1464 1465 1 -113.1 75 1 ; SC-BB-BB-SC
1465 1464 1466 1467 1 -133.0 75 1 ; SC-BB-BB-SC
1467 1466 1468 1469 1 -178.4 75 1 ; SC-BB-BB-SC
1469 1468 1472 1473 1 140.6 75 1 ; SC-BB-BB-SC
1473 1472 1474 1475 1 67.5 75 1 ; SC-BB-BB-SC
1475 1474 1476 1477 1 82.1 75 1 ; SC-BB-BB-SC
1477 1476 1478 1479 1 0.6 75 1 ; SC-BB-BB-SC
1479 1478 1480 1481 1 34.9 75 1 ; SC-BB-BB-SC
1481 1480 1484 1485 1 41.7 75 1 ; SC-BB-BB-SC
1485 1484 1486 1487 1 10.8 75 1 ; SC-BB-BB-SC
1487 1486 1488 1489 1 8.0 75 1 ; SC-BB-BB-SC
1489 1488 1490 1491 1 75.8 75 1 ; SC-BB-BB-SC
1491 1490 1492 1493 1 -150.9 75 1 ; SC-BB-BB-SC
1493 1492 1494 1495 1 -90.7 75 1 ; SC-BB-BB-SC
1495 1494 1496 1497 1 -150.7 75 1 ; SC-BB-BB-SC
1497 1496 1498 1499 1 -136.1 75 1 ; SC-BB-BB-SC
1499 1498 1503 1504 1 -154.0 75 1 ; SC-BB-BB-SC
1504 1503 1505 1506 1 -151.3 75 1 ; SC-BB-BB-SC
1506 1505 1507 1508 1 -144.9 75 1 ; SC-BB-BB-SC
1508 1507 1509 1510 1 -144.7 75 1 ; SC-BB-BB-SC
1510 1509 1512 1513 1 -136.1 75 1 ; SC-BB-BB-SC
1513 1512 1515 1516 1 -163.7 75 1 ; SC-BB-BB-SC
1516 1515 1517 1518 1 152.8 75 1 ; SC-BB-BB-SC
1518 1517 1519 1520 1 14.6 75 1 ; SC-BB-BB-SC
1520 1519 1521 1522 1 33.4 75 1 ; SC-BB-BB-SC
1522 1521 1523 1524 1 81.7 75 1 ; SC-BB-BB-SC
1524 1523 1525 1526 1 114.5 75 1 ; SC-BB-BB-SC
1526 1525 1528 1529 1 56.0 75 1 ; SC-BB-BB-SC
1529 1528 1530 1531 1 10.2 75 1 ; SC-BB-BB-SC
1531 1530 1532 1533 1 100.0 75 1 ; SC-BB-BB-SC
1533 1532 1537 1538 1 -118.3 75 1 ; SC-BB-BB-SC
1538 1537 1539 1540 1 -148.9 75 1 ; SC-BB-BB-SC
1540 1539 1541 1542 1 -160.5 75 1 ; SC-BB-BB-SC
1542 1541 1543 1544 1 -154.7 75 1 ; SC-BB-BB-SC
1544 1543 1545 1546 1 -155.1 75 1 ; SC-BB-BB-SC
1546 1545 1548 1549 1 -150.6 75 1 ; SC-BB-BB-SC
1549 1548 1550 1551 1 -122.5 75 1 ; SC-BB-BB-SC
1551 1550 1552 1553 1 -90.9 75 1 ; SC-BB-BB-SC
1553 1552 1554 1555 1 -172.3 75 1 ; SC-BB-BB-SC
1555 1554 1556 1557 1 -109.7 75 1 ; SC-BB-BB-SC
1557 1556 1558 1559 1 -135.5 75 1 ; SC-BB-BB-SC
1559 1558 1560 1561 1 -131.3 75 1 ; SC-BB-BB-SC
1561 1560 1562 1563 1 -122.2 75 1 ; SC-BB-BB-SC
1563 1562 1564 1565 1 -124.0 75 1 ; SC-BB-BB-SC
1565 1564 1566 1567 1 -160.6 75 1 ; SC-BB-BB-SC
1567 1566 1568 1569 1 -107.0 75 1 ; SC-BB-BB-SC
1569 1568 1570 1571 1 -132.9 75 1 ; SC-BB-BB-SC
1571 1570 1572 1573 1 -153.7 75 1 ; SC-BB-BB-SC
1573 1572 1574 1575 1 -162.1 75 1 ; SC-BB-BB-SC
1575 1574 1577 1578 1 109.7 75 1 ; SC-BB-BB-SC
1578 1577 1581 1582 1 39.9 75 1 ; SC-BB-BB-SC
1585 1584 1586 1587 1 101.3 75 1 ; SC-BB-BB-SC
1587 1586 1588 1589 1 39.5 75 1 ; SC-BB-BB-SC
1589 1588 1590 1591 1 7.1 75 1 ; SC-BB-BB-SC
1591 1590 1592 1593 1 59.3 75 1 ; SC-BB-BB-SC
1593 1592 1594 1595 1 67.8 75 1 ; SC-BB-BB-SC
1595 1594 1596 1597 1 -142.1 75 1 ; SC-BB-BB-SC
1597 1596 1598 1599 1 -141.1 75 1 ; SC-BB-BB-SC
1599 1598 1600 1601 1 -108.3 75 1 ; SC-BB-BB-SC
1601 1600 1604 1605 1 -116.3 75 1 ; SC-BB-BB-SC
1605 1604 1606 1607 1 -165.8 75 1 ; SC-BB-BB-SC
1607 1606 1608 1609 1 -169.4 75 1 ; SC-BB-BB-SC
1609 1608 1610 1611 1 161.0 75 1 ; SC-BB-BB-SC
1611 1610 1612 1613 1 150.7 75 1 ; SC-BB-BB-SC
1613 1612 1614 1615 1 75.3 75 1 ; SC-BB-BB-SC
1615 1614 1616 1617 1 93.8 75 1 ; SC-BB-BB-SC
1617 1616 1621 1622 1 130.2 75 1 ; SC-BB-BB-SC
1622 1621 1623 1624 1 159.7 75 1 ; SC-BB-BB-SC
1624 1623 1626 1627 1 163.2 75 1 ; SC-BB-BB-SC
1627 1626 1628 1629 1 23.4 75 1 ; SC-BB-BB-SC
1629 1628 1632 1633 1 -135.6 75 1 ; SC-BB-BB-SC
1633 1632 1636 1637 1 55.5 75 1 ; SC-BB-BB-SC
1637 1636 1638 1639 1 38.2 75 1 ; SC-BB-BB-SC
1639 1638 1640 1641 1 29.6 75 1 ; SC-BB-BB-SC
1641 1640 1642 1643 1 -3.5 75 1 ; SC-BB-BB-SC
1643 1642 1644 1645 1 15.3 75 1 ; SC-BB-BB-SC
1645 1644 1649 1650 1 -3.8 75 1 ; SC-BB-BB-SC
1650 1649 1651 1652 1 -95.6 75 1 ; SC-BB-BB-SC
1652 1651 1653 1654 1 8.2 75 1 ; SC-BB-BB-SC
1654 1653 1655 1656 1 -7.4 75 1 ; SC-BB-BB-SC
1656 1655 1657 1658 1 70.9 75 1 ; SC-BB-BB-SC
1658 1657 1659 1660 1 82.6 75 1 ; SC-BB-BB-SC
1660 1659 1661 1662 1 -120.9 75 1 ; SC-BB-BB-SC
1662 1661 1663 1664 1 171.2 75 1 ; SC-BB-BB-SC
1664 1663 1666 1667 1 -117.5 75 1 ; SC-BB-BB-SC
1667 1666 1668 1669 1 -146.6 75 1 ; SC-BB-BB-SC
1669 1668 1673 1674 1 176.4 75 1 ; SC-BB-BB-SC
1674 1673 1677 1678 1 45.7 75 1 ; SC-BB-BB-SC
1678 1677 1679 1680 1 29.6 75 1 ; SC-BB-BB-SC
1680 1679 1681 1682 1 18.7 75 1 ; SC-BB-BB-SC
1682 1681 1683 1684 1 54.0 75 1 ; SC-BB-BB-SC
1684 1683 1685 1686 1 78.8 75 1 ; SC-BB-BB-SC
1686 1685 1687 1688 1 -122.4 75 1 ; SC-BB-BB-SC
1688 1687 1689 1690 1 -140.4 75 1 ; SC-BB-BB-SC
1690 1689 1691 1692 1 -118.4 75 1 ; SC-BB-BB-SC
1692 1691 1693 1694 1 -149.3 75 1 ; SC-BB-BB-SC
1694 1693 1695 1696 1 -151.6 75 1 ; SC-BB-BB-SC
1696 1695 1697 1698 1 -114.7 75 1 ; SC-BB-BB-SC
1698 1697 1699 1700 1 -153.2 75 1 ; SC-BB-BB-SC
1700 1699 1701 1702 1 -176.7 75 1 ; SC-BB-BB-SC
1702 1701 1705 1706 1 69.1 75 1 ; SC-BB-BB-SC
1706 1705 1707 1708 1 110.2 75 1 ; SC-BB-BB-SC
1708 1707 1709 1710 1 -171.2 75 1 ; SC-BB-BB-SC
1710 1709 1711 1712 1 -178.8 75 1 ; SC-BB-BB-SC
1712 1711 1713 1714 1 -74.0 75 1 ; SC-BB-BB-SC
1714 1713 1715 1716 1 38.8 75 1 ; SC-BB-BB-SC
1716 1715 1717 1718 1 29.2 75 1 ; SC-BB-BB-SC
1718 1717 1719 1720 1 35.0 75 1 ; SC-BB-BB-SC
1720 1719 1722 1723 1 -21.8 75 1 ; SC-BB-BB-SC
1723 1722 1724 1725 1 46.8 75 1 ; SC-BB-BB-SC
1725 1724 1726 1727 1 81.4 75 1 ; SC-BB-BB-SC
1727 1726 1728 1729 1 -177.4 75 1 ; SC-BB-BB-SC
1729 1728 1731 1732 1 178.3 75 1 ; SC-BB-BB-SC
1737 1736 1739 1740 1 54.7 75 1 ; SC-BB-BB-SC
1740 1739 1744 1745 1 56.6 75 1 ; SC-BB-BB-SC
1745 1744 1746 1747 1 93.6 75 1 ; SC-BB-BB-SC
1747 1746 1748 1749 1 -5.2 75 1 ; SC-BB-BB-SC
1749 1748 1750 1751 1 8.8 75 1 ; SC-BB-BB-SC
1751 1750 1752 1753 1 6.0 75 1 ; SC-BB-BB-SC
1753 1752 1754 1755 1 32.5 75 1 ; SC-BB-BB-SC
1755 1754 1756 1757 1 33.0 75 1 ; SC-BB-BB-SC
1757 1756 1761 1762 1 24.4 75 1 ; SC-BB-BB-SC
1766 1765 1767 1768 1 -29.2 75 1 ; SC-BB-BB-SC
1768 1767 1769 1770 1 37.6 75 1 ; SC-BB-BB-SC
1770 1769 1771 1772 1 101.8 75 1 ; SC-BB-BB-SC
1772 1771 1773 1774 1 -169.9 75 1 ; SC-BB-BB-SC
1774 1773 1776 1777 1 -90.5 75 1 ; SC-BB-BB-SC
1777 1776 1778 1779 1 -150.0 75 1 ; SC-BB-BB-SC
1779 1778 1780 1781 1 -141.8 75 1 ; SC-BB-BB-SC
1781 1780 1782 1783 1 -103.2 75 1 ; SC-BB-BB-SC
1783 1782 1784 1785 1 -138.4 75 1 ; SC-BB-BB-SC
1785 1784 1786 1787 1 -155.5 75 1 ; SC-BB-BB-SC
1787 1786 1788 1789 1 -124.6 75 1 ; SC-BB-BB-SC
1789 1788 1790 1791 1 -134.1 75 1 ; SC-BB-BB-SC
1791 1790 1792 1793 1 -154.7 75 1 ; SC-BB-BB-SC
1793 1792 1794 1795 1 -140.1 75 1 ; SC-BB-BB-SC
1795 1794 1797 1798 1 -125.6 75 1 ; SC-BB-BB-SC
1798 1797 1799 1800 1 -171.7 75 1 ; SC-BB-BB-SC
1800 1799 1802 1803 1 64.2 75 1 ; SC-BB-BB-SC
1803 1802 1805 1806 1 -112.8 75 1 ; SC-BB-BB-SC
1806 1805 1807 1808 1 147.9 75 1 ; SC-BB-BB-SC
1808 1807 1809 1810 1 41.8 75 1 ; SC-BB-BB-SC
1810 1809 1811 1812 1 1.7 75 1 ; SC-BB-BB-SC
1812 1811 1815 1816 1 81.3 75 1 ; SC-BB-BB-SC
1816 1815 1817 1818 1 72.9 75 1 ; SC-BB-BB-SC
1818 1817 1819 1820 1 -155.3 75 1 ; SC-BB-BB-SC
1820 1819 1825 1826 1 137.9 75 1 ; SC-BB-BB-SC
1826 1825 1827 1828 1 68.6 75 1 ; SC-BB-BB-SC
1828 1827 1829 1830 1 128.8 75 1 ; SC-BB-BB-SC
1833 1832 1836 1837 1 1.7 75 1 ; SC-BB-BB-SC
1837 1836 1839 1840 1 22.7 75 1 ; SC-BB-BB-SC
1843 1842 1844 1845 1 -3.7 75 1 ; SC-BB-BB-SC
1845 1844 1846 1847 1 83.4 75 1 ; SC-BB-BB-SC
1847 1846 1851 1852 1 160.6 75 1 ; SC-BB-BB-SC
1852 1851 1853 1854 1 98.6 75 1 ; SC-BB-BB-SC
1854 1853 1855 1856 1 60.6 75 1 ; SC-BB-BB-SC
1856 1855 1857 1858 1 36.4 75 1 ; SC-BB-BB-SC
1858 1857 1859 1860 1 42.8 75 1 ; SC-BB-BB-SC
1860 1859 1861 1862 1 61.2 75 1 ; SC-BB-BB-SC
1862 1861 1863 1864 1 84.0 75 1 ; SC-BB-BB-SC
1868 1867 1869 1870 1 153.6 75 1 ; SC-BB-BB-SC
1870 1869 1871 1872 1 56.2 75 1 ; SC-BB-BB-SC
1872 1871 1873 1874 1 55.0 75 1 ; SC-BB-BB-SC
1874 1873 1876 1877 1 7.5 75 1 ; SC-BB-BB-SC
1877 1876 1878 1879 1 60.7 75 1 ; SC-BB-BB-SC
1879 1878 1880 1881 1 114.5 75 1 ; SC-BB-BB-SC
1881 1880 1883 1884 1 -3.3 75 1 ; SC-BB-BB-SC
1884 1883 1885 1886 1 16.7 75 1 ; SC-BB-BB-SC
1886 1885 1887 1888 1 -2.0 75 1 ; SC-BB-BB-SC
1888 1887 1889 1890 1 14.5 75 1 ; SC-BB-BB-SC
1890 1889 1891 1892 1 4.7 75 1 ; SC-BB-BB-SC
1892 1891 1893 1894 1 24.8 75 1 ; SC-BB-BB-SC
1894 1893 1895 1896 1 16.9 75 1 ; SC-BB-BB-SC
1896 1895 1897 1898 1 15.8 75 1 ; SC-BB-BB-SC
1898 1897 1899 1900 1 84.3 75 1 ; SC-BB-BB-SC
1900 1899 1901 1902 1 -128.0 75 1 ; SC-BB-BB-SC
1902 1901 1903 1904 1 -141.5 75 1 ; SC-BB-BB-SC
1904 1903 1905 1906 1 -89.7 75 1 ; SC-BB-BB-SC
1906 1905 1907 1908 1 -138.1 75 1 ; SC-BB-BB-SC
1908 1907 1909 1910 1 -135.8 75 1 ; SC-BB-BB-SC
1910 1909 1911 1912 1 -148.7 75 1 ; SC-BB-BB-SC
1912 1911 1917 1918 1 -125.6 75 1 ; SC-BB-BB-SC
1918 1917 1919 1920 1 -119.4 75 1 ; SC-BB-BB-SC
1920 1919 1922 1923 1 -146.5 75 1 ; SC-BB-BB-SC
1923 1922 1924 1925 1 -127.0 75 1 ; SC-BB-BB-SC
1925 1924 1926 1927 1 -129.9 75 1 ; SC-BB-BB-SC
1927 1926 1930 1931 1 -125.3 75 1 ; SC-BB-BB-SC
1931 1930 1933 1934 1 -140.6 75 1 ; SC-BB-BB-SC
1934 1933 1937 1938 1 -129.2 75 1 ; SC-BB-BB-SC
1938 1937 1939 1940 1 -140.8 75 1 ; SC-BB-BB-SC
1940 1939 1941 1942 1 -143.3 75 1 ; SC-BB-BB-SC
1942 1941 1943 1944 1 -149.8 75 1 ; SC-BB-BB-SC
1944 1943 1948 1949 1 -93.0 75 1 ; SC-BB-BB-SC
1949 1948 1950 1951 1 164.1 75 1 ; SC-BB-BB-SC
1951 1950 1953 1954 1 -4.2 75 1 ; SC-BB-BB-SC
1954 1953 1956 1957 1 25.5 75 1 ; SC-BB-BB-SC
1957 1956 1958 1959 1 -148.3 75 1 ; SC-BB-BB-SC
1959 1958 1962 1963 1 -104.7 75 1 ; SC-BB-BB-SC
1963 1962 1964 1965 1 -93.9 75 1 ; SC-BB-BB-SC
1965 1964 1968 1969 1 -145.5 75 1 ; SC-BB-BB-SC
1969 1968 1974 1975 1 -151.5 75 1 ; SC-BB-BB-SC
1975 1974 1979 1980 1 -149.2 75 1 ; SC-BB-BB-SC
1986 1985 1987 1988 1 43.9 75 1 ; SC-BB-BB-SC
1988 1987 1989 1990 1 85.4 75 1 ; SC-BB-BB-SC
1993 1992 1994 1995 1 -94.8 75 1 ; SC-BB-BB-SC
1995 1994 1998 1999 1 -142.5 75 1 ; SC-BB-BB-SC
1999 1998 2000 2001 1 175.0 75 1 ; SC-BB-BB-SC
2001 2000 2002 2003 1 -100.3 75 1 ; SC-BB-BB-SC
2003 2002 2004 2005 1 -130.2 75 1 ; SC-BB-BB-SC
2005 2004 2007 2008 1 -115.2 75 1 ; SC-BB-BB-SC
2008 2007 2009 2010 1 -161.3 75 1 ; SC-BB-BB-SC
2010 2009 2011 2012 1 -143.0 75 1 ; SC-BB-BB-SC
2012 2011 2013 2014 1 -77.9 75 1 ; SC-BB-BB-SC
2014 2013 2015 2016 1 -137.8 75 1 ; SC-BB-BB-SC
2016 2015 2017 2018 1 -134.7 75 1 ; SC-BB-BB-SC
2018 2017 2019 2020 1 -101.9 75 1 ; SC-BB-BB-SC
2020 2019 2021 2022 1 -134.3 75 1 ; SC-BB-BB-SC
2022 2021 2024 2025 1 -133.3 75 1 ; SC-BB-BB-SC
2025 2024 2026 2027 1 -154.5 75 1 ; SC-BB-BB-SC
2027 2026 2031 2032 1 -105.0 75 1 ; SC-BB-BB-SC
2032 2031 2033 2034 1 -115.7 75 1 ; SC-BB-BB-SC
2034 2033 2035 2036 1 -115.6 75 1 ; SC-BB-BB-SC
2039 2038 2040 2041 1 52.8 75 1 ; SC-BB-BB-SC
2041 2040 2042 2043 1 31.6 75 1 ; SC-BB-BB-SC
2043 2042 2044 2045 1 80.6 75 1 ; SC-BB-BB-SC
2045 2044 2046 2047 1 35.5 75 1 ; SC-BB-BB-SC
2053 2052 2054 2055 1 -150.6 75 1 ; SC-BB-BB-SC
2055 2054 2056 2057 1 -159.3 75 1 ; SC-BB-BB-SC
2060 2059 2061 2062 1 32.6 75 1 ; SC-BB-BB-SC
2062 2061 2063 2064 1 63.9 75 1 ; SC-BB-BB-SC
1042 1044 1045 1046 1 17.1 75 1 ; BB-BB-BB-SC
1043 1042 1044 1045 1 -19.2 75 1 ; SC-BB-BB-BB
1047 1049 1050 1051 1 94.1 75 1 ; BB-BB-BB-SC
1048 1047 1049 1050 1 -7.3 75 1 ; SC-BB-BB-BB
1054 1056 1057 1058 1 93.0 75 1 ; BB-BB-BB-SC
1055 1054 1056 1057 1 9.8 75 1 ; SC-BB-BB-BB
1084 1088 1089 1090 1 134.5 75 1 ; BB-BB-BB-SC
1085 1084 1088 1089 1 -151.2 75 1 ; SC-BB-BB-BB
1095 1097 1098 1099 1 144.4 75 1 ; BB-BB-BB-SC
1096 1095 1097 1098 1 -120.8 75 1 ; SC-BB-BB-BB
1144 1146 1147 1148 1 -1.7 75 1 ; BB-BB-BB-SC
1145 1144 1146 1147 1 -68.5 75 1 ; SC-BB-BB-BB
1147 1149 1150 1151 1 90.2 75 1 ; BB-BB-BB-SC
1148 1147 1149 1150 1 19.1 75 1 ; SC-BB-BB-BB
1197 1199 1200 1201 1 -36.8 75 1 ; BB-BB-BB-SC
1198 1197 1199 1200 1 24.3 75 1 ; SC-BB-BB-BB
1232 1234 1235 1236 1 -84.6 75 1 ; BB-BB-BB-SC
1233 1232 1234 1235 1 -166.9 75 1 ; SC-BB-BB-BB
1257 1260 1261 1262 1 76.3 75 1 ; BB-BB-BB-SC
1258 1257 1260 1261 1 -9.6 75 1 ; SC-BB-BB-BB
1272 1274 1275 1276 1 91.0 75 1 ; BB-BB-BB-SC
1273 1272 1274 1275 1 12.0 75 1 ; SC-BB-BB-BB
1315 1317 1318 1319 1 136.4 75 1 ; BB-BB-BB-SC
1316 1315 1317 1318 1 -28.5 75 1 ; SC-BB-BB-BB
1320 1322 1323 1324 1 41.9 75 1 ; BB-BB-BB-SC
1321 1320 1322 1323 1 102.3 75 1 ; SC-BB-BB-BB
1348 1350 1351 1352 1 81.6 75 1 ; BB-BB-BB-SC
1349 1348 1350 1351 1 18.6 75 1 ; SC-BB-BB-BB
1351 1353 1354 1355 1 82.0 75 1 ; BB-BB-BB-SC
1352 1351 1353 1354 1 -1.9 75 1 ; SC-BB-BB-BB
1381 1386 1387 1388 1 96.1 75 1 ; BB-BB-BB-SC
1382 1381 1386 1387 1 96.9 75 1 ; SC-BB-BB-BB
1581 1583 1584 1585 1 -144.8 75 1 ; BB-BB-BB-SC
1582 1581 1583 1584 1 -68.2 75 1 ; SC-BB-BB-BB
1731 1735 1736 1737 1 79.8 75 1 ; BB-BB-BB-SC
1732 1731 1735 1736 1 92.4 75 1 ; SC-BB-BB-BB
1761 1764 1765 1766 1 20.2 75 1 ; BB-BB-BB-SC
1762 1761 1764 1765 1 -18.2 75 1 ; SC-BB-BB-BB
1829 1831 1832 1833 1 61.3 75 1 ; BB-BB-BB-SC
1830 1829 1831 1832 1 167.9 75 1 ; SC-BB-BB-BB
1839 1841 1842 1843 1 110.9 75 1 ; BB-BB-BB-SC
1840 1839 1841 1842 1 -89.2 75 1 ; SC-BB-BB-BB
1979 1981 1982 1983 1 52.0 75 1 ; BB-BB-BB-SC
1980 1979 1981 1982 1 17.5 75 1 ; SC-BB-BB-BB
1982 1984 1985 1986 1 118.7 75 1 ; BB-BB-BB-SC
1983 1982 1984 1985 1 -176.4 75 1 ; SC-BB-BB-BB
1989 1991 1992 1993 1 84.2 75 1 ; BB-BB-BB-SC
1990 1989 1991 1992 1 16.1 75 1 ; SC-BB-BB-BB
2035 2037 2038 2039 1 96.3 75 1 ; BB-BB-BB-SC
2036 2035 2037 2038 1 18.9 75 1 ; SC-BB-BB-BB
2046 2048 2049 2050 1 32.4 75 1 ; BB-BB-BB-SC
2047 2046 2048 2049 1 162.8 75 1 ; SC-BB-BB-BB
2049 2051 2052 2053 1 140.9 75 1 ; BB-BB-BB-SC
2050 2049 2051 2052 1 91.9 75 1 ; SC-BB-BB-BB
2056 2058 2059 2060 1 74.2 75 1 ; BB-BB-BB-SC
2057 2056 2058 2059 1 59.7 75 1 ; SC-BB-BB-BB
1116 1117 1118 1119 1 -25.9 75 1 ; BB-BB-BB-SC
1346 1347 1348 1349 1 76.7 75 1 ; BB-BB-BB-SC
1865 1866 1867 1868 1 -114.4 75 1 ; BB-BB-BB-SC
1114 1113 1115 1116 1 -32.0 75 1 ; SC-BB-BB-BB
1342 1341 1345 1346 1 5.8 75 1 ; SC-BB-BB-BB
1864 1863 1865 1866 1 21.3 75 1 ; SC-BB-BB-BB
  49   48   46   45 2 180.0 100.0
  82   80   81   79 2 180.0 50.0
 115  113  114  112 2 180.0 50.0
 120  118  119  117 2 180.0 50.0
 139  137  138  136 2 180.0 50.0
 232  231  229  228 2 180.0 100.0
 247  245  246  244 2 180.0 50.0
 356  354  355  353 2 180.0 50.0
 411  409  410  408 2 180.0 50.0
 450  448  449  447 2 180.0 50.0
 469  467  468  466 2 180.0 50.0
 504  502  503  501 2 180.0 50.0
 639  637  638  636 2 180.0 50.0
 707  705  706  704 2 180.0 50.0
 775  773  774  772 2 180.0 50.0
 789  788  786  785 2 180.0 100.0
 917  916  914  913 2 180.0 100.0
 922  920  921  919 2 180.0 50.0
 973  971  972  970 2 180.0 50.0
 982  980  981  979 2 180.0 50.0
1068 1067 1065 1064 2 180.0 100.0
1077 1075 1076 1074 2 180.0 50.0
1206 1204 1205 1203 2 180.0 50.0
1254 1252 1253 1251 2 180.0 50.0
1269 1267 1268 1266 2 180.0 50.0
1385 1383 1384 1382 2 180.0 50.0
1414 1412 1413 1411 2 180.0 50.0
1443 1441 1442 1440 2 180.0 50.0
1502 1500 1501 1499 2 180.0 50.0
1536 1534 1535 1533 2 180.0 50.0
1620 1618 1619 1617 2 180.0 50.0
1648 1646 1647 1645 2 180.0 50.0
1672 1670 1671 1669 2 180.0 50.0
1743 1741 1742 1740 2 180.0 50.0
1760 1758 1759 1757 2 180.0 50.0
1824 1823 1821 1820 2 180.0 100.0
1850 1848 1849 1847 2 180.0 50.0
1916 1915 1913 1912 2 180.0 100.0
1947 1945 1946 1944 2 180.0 50.0
1973 1972 1970 1969 2 180.0 100.0
1978 1976 1977 1975 2 180.0 50.0
2030 2028 2029 2027 2 180.0 50.0
2067 2065 2066 2064 2 180.0 50.0
