  12   13   14   15 
  13   14   15 
  14   15 
  40   41   42   43 
  41   42   43 
  42   43 
  44   45   46   47   48   49 
  45   46   47   48   49 
  46   47   48   49 
  47   48   49 
  48   49 
  62   63   64   65 
  63   64   65 
  64   65 
  78   79   80   81   82 
  79   80   81   82 
  80   81   82 
  81   82 
  83   84   85   86 
  84   85   86 
  85   86 
 111  112  113  114  115 
 112  113  114  115 
 113  114  115 
 114  115 
 116  117  118  119  120 
 117  118  119  120 
 118  119  120 
 119  120 
 135  136  137  138  139 
 136  137  138  139 
 137  138  139 
 138  139 
 182  183  184  185 
 183  184  185 
 184  185 
 191  192  193  194 
 192  193  194 
 193  194 
 204  205  206  207 
 205  206  207 
 206  207 
 210  211  212  213 
 211  212  213 
 212  213 
 227  228  229  230  231  232 
 228  229  230  231  232 
 229  230  231  232 
 230  231  232 
 231  232 
 239  240  241  242 
 240  241  242 
 241  242 
 243  244  245  246  247 
 244  245  246  247 
 245  246  247 
 246  247 
 300  301  302  303 
 301  302  303 
 302  303 
 310  311  312  313 
 311  312  313 
 312  313 
 352  353  354  355  356 
 353  354  355  356 
 354  355  356 
 355  356 
 372  373  374  375 
 373  374  375 
 374  375 
 407  408  409  410  411 
 408  409  410  411 
 409  410  411 
 410  411 
 424  425  426  427 
 425  426  427 
 426  427 
 446  447  448  449  450 
 447  448  449  450 
 448  449  450 
 449  450 
 465  466  467  468  469 
 466  467  468  469 
 467  468  469 
 468  469 
 476  477  478  479 
 477  478  479 
 478  479 
 500  501  502  503  504 
 501  502  503  504 
 502  503  504 
 503  504 
 512  513  514  515 
 513  514  515 
 514  515 
 544  545  546  547 
 545  546  547 
 546  547 
 583  584  585  586 
 584  585  586 
 585  586 
 594  595  596  597 
 595  596  597 
 596  597 
 598  599  600  601 
 599  600  601 
 600  601 
 602  603  604  605 
 603  604  605 
 604  605 
 611  612  613  614 
 612  613  614 
 613  614 
 635  636  637  638  639 
 636  637  638  639 
 637  638  639 
 638  639 
 665  666  667  668 
 666  667  668 
 667  668 
 695  696  697  698 
 696  697  698 
 697  698 
 703  704  705  706  707 
 704  705  706  707 
 705  706  707 
 706  707 
 720  721  722  723 
 721  722  723 
 722  723 
 771  772  773  774  775 
 772  773  774  775 
 773  774  775 
 774  775 
 776  777  778  779 
 777  778  779 
 778  779 
 784  785  786  787  788  789 
 785  786  787  788  789 
 786  787  788  789 
 787  788  789 
 788  789 
 836  837  838  839 
 837  838  839 
 838  839 
 859  860  861  862 
 860  861  862 
 861  862 
 877  878  879  880 
 878  879  880 
 879  880 
 887  888  889  890 
 888  889  890 
 889  890 
 902  903  904  905 
 903  904  905 
 904  905 
 908  909  910  911 
 909  910  911 
 910  911 
 912  913  914  915  916  917 
 913  914  915  916  917 
 914  915  916  917 
 915  916  917 
 916  917 
 918  919  920  921  922 
 919  920  921  922 
 920  921  922 
 921  922 
 939  940  941  942 
 940  941  942 
 941  942 
 969  970  971  972  973 
 970  971  972  973 
 971  972  973 
 972  973 
 978  979  980  981  982 
 979  980  981  982 
 980  981  982 
 981  982 
1002 1003 1004 1005 
1003 1004 1005 
1004 1005 
1038 1039 1040 1041 
1039 1040 1041 
1040 1041 
1063 1064 1065 1066 1067 1068 
1064 1065 1066 1067 1068 
1065 1066 1067 1068 
1066 1067 1068 
1067 1068 
1073 1074 1075 1076 1077 
1074 1075 1076 1077 
1075 1076 1077 
1076 1077 
1084 1085 1086 1087 
1085 1086 1087 
1086 1087 
1124 1125 1126 1127 
1125 1126 1127 
1126 1127 
1132 1133 1134 1135 
1133 1134 1135 
1134 1135 
1136 1137 1138 1139 
1137 1138 1139 
1138 1139 
1153 1154 1155 1156 
1154 1155 1156 
1155 1156 
1168 1169 1170 1171 
1169 1170 1171 
1170 1171 
1202 1203 1204 1205 1206 
1203 1204 1205 1206 
1204 1205 1206 
1205 1206 
1214 1215 1216 1217 
1215 1216 1217 
1216 1217 
1218 1219 1220 1221 
1219 1220 1221 
1220 1221 
1250 1251 1252 1253 1254 
1251 1252 1253 1254 
1252 1253 1254 
1253 1254 
1261 1262 1263 1264 
1262 1263 1264 
1263 1264 
1265 1266 1267 1268 1269 
1266 1267 1268 1269 
1267 1268 1269 
1268 1269 
1323 1324 1325 1326 
1324 1325 1326 
1325 1326 
1331 1332 1333 1334 
1332 1333 1334 
1333 1334 
1335 1336 1337 1338 
1336 1337 1338 
1337 1338 
1341 1342 1343 1344 
1342 1343 1344 
1343 1344 
1354 1355 1356 1357 
1355 1356 1357 
1356 1357 
1381 1382 1383 1384 1385 
1382 1383 1384 1385 
1383 1384 1385 
1384 1385 
1402 1403 1404 1405 
1403 1404 1405 
1404 1405 
1410 1411 1412 1413 1414 
1411 1412 1413 1414 
1412 1413 1414 
1413 1414 
1439 1440 1441 1442 1443 
1440 1441 1442 1443 
1441 1442 1443 
1442 1443 
1456 1457 1458 1459 
1457 1458 1459 
1458 1459 
1468 1469 1470 1471 
1469 1470 1471 
1470 1471 
1480 1481 1482 1483 
1481 1482 1483 
1482 1483 
1498 1499 1500 1501 1502 
1499 1500 1501 1502 
1500 1501 1502 
1501 1502 
1532 1533 1534 1535 1536 
1533 1534 1535 1536 
1534 1535 1536 
1535 1536 
1577 1578 1579 1580 
1578 1579 1580 
1579 1580 
1600 1601 1602 1603 
1601 1602 1603 
1602 1603 
1616 1617 1618 1619 1620 
1617 1618 1619 1620 
1618 1619 1620 
1619 1620 
1628 1629 1630 1631 
1629 1630 1631 
1630 1631 
1632 1633 1634 1635 
1633 1634 1635 
1634 1635 
1644 1645 1646 1647 1648 
1645 1646 1647 1648 
1646 1647 1648 
1647 1648 
1668 1669 1670 1671 1672 
1669 1670 1671 1672 
1670 1671 1672 
1671 1672 
1673 1674 1675 1676 
1674 1675 1676 
1675 1676 
1701 1702 1703 1704 
1702 1703 1704 
1703 1704 
1731 1732 1733 1734 
1732 1733 1734 
1733 1734 
1739 1740 1741 1742 1743 
1740 1741 1742 1743 
1741 1742 1743 
1742 1743 
1756 1757 1758 1759 1760 
1757 1758 1759 1760 
1758 1759 1760 
1759 1760 
1811 1812 1813 1814 
1812 1813 1814 
1813 1814 
1819 1820 1821 1822 1823 1824 
1820 1821 1822 1823 1824 
1821 1822 1823 1824 
1822 1823 1824 
1823 1824 
1832 1833 1834 1835 
1833 1834 1835 
1834 1835 
1846 1847 1848 1849 1850 
1847 1848 1849 1850 
1848 1849 1850 
1849 1850 
1911 1912 1913 1914 1915 1916 
1912 1913 1914 1915 1916 
1913 1914 1915 1916 
1914 1915 1916 
1915 1916 
1926 1927 1928 1929 
1927 1928 1929 
1928 1929 
1933 1934 1935 1936 
1934 1935 1936 
1935 1936 
1943 1944 1945 1946 1947 
1944 1945 1946 1947 
1945 1946 1947 
1946 1947 
1958 1959 1960 1961 
1959 1960 1961 
1960 1961 
1964 1965 1966 1967 
1965 1966 1967 
1966 1967 
1968 1969 1970 1971 1972 1973 
1969 1970 1971 1972 1973 
1970 1971 1972 1973 
1971 1972 1973 
1972 1973 
1974 1975 1976 1977 1978 
1975 1976 1977 1978 
1976 1977 1978 
1977 1978 
1994 1995 1996 1997 
1995 1996 1997 
1996 1997 
2026 2027 2028 2029 2030 
2027 2028 2029 2030 
2028 2029 2030 
2029 2030 
2063 2064 2065 2066 2067 
2064 2065 2066 2067 
2065 2066 2067 
2066 2067 
