   8    9 1 0.341 1000000
  10   11 1 0.292 1000000
  13   14 1 0.320 1000000
  13   15 1 0.300 1000000
  14   15 1 0.270 1000000
  16   17 1 0.341 1000000
  20   21 1 0.270 1000000
  32   33 1 0.341 1000000
  35   36 1 0.270 1000000
  41   42 1 0.340 1000000
  41   43 1 0.340 1000000
  42   43 1 0.290 1000000
  45   46 1 0.335 1000000
  46   49 1 0.412 1000000
  48   49 1 0.293 1000000
  45   48 1 0.404 1000000
  46   48 1 0.470 1000000
  52   53 1 0.292 1000000
  54   55 1 0.341 1000000
  63   64 1 0.320 1000000
  63   65 1 0.300 1000000
  64   65 1 0.270 1000000
  67   68 1 0.341 1000000
  73   74 1 0.305 1000000
  79   80 1 0.300 1000000
  79   81 1 0.300 1000000
  80   82 1 0.285 1000000
  81   82 1 0.285 1000000
  80   81 1 0.300 1000000
  84   85 1 0.320 1000000
  84   86 1 0.300 1000000
  85   86 1 0.270 1000000
 105  106 1 0.341 1000000
 109  110 1 0.292 1000000
 112  113 1 0.300 1000000
 112  114 1 0.300 1000000
 113  115 1 0.285 1000000
 114  115 1 0.285 1000000
 113  114 1 0.300 1000000
 117  118 1 0.300 1000000
 117  119 1 0.300 1000000
 118  120 1 0.285 1000000
 119  120 1 0.285 1000000
 118  119 1 0.300 1000000
 125  126 1 0.270 1000000
 127  128 1 0.270 1000000
 136  137 1 0.300 1000000
 136  138 1 0.300 1000000
 137  139 1 0.285 1000000
 138  139 1 0.285 1000000
 137  138 1 0.300 1000000
 140  141 1 0.292 1000000
 147  148 1 0.270 1000000
 149  150 1 0.341 1000000
 153  154 1 0.292 1000000
 164  165 1 0.305 1000000
 172  173 1 0.292 1000000
 183  184 1 0.340 1000000
 183  185 1 0.340 1000000
 184  185 1 0.290 1000000
 189  190 1 0.341 1000000
 192  193 1 0.340 1000000
 192  194 1 0.340 1000000
 193  194 1 0.290 1000000
 205  206 1 0.340 1000000
 205  207 1 0.340 1000000
 206  207 1 0.290 1000000
 208  209 1 0.292 1000000
 211  212 1 0.340 1000000
 211  213 1 0.340 1000000
 212  213 1 0.290 1000000
 220  221 1 0.270 1000000
 228  229 1 0.335 1000000
 229  232 1 0.412 1000000
 231  232 1 0.293 1000000
 228  231 1 0.404 1000000
 229  231 1 0.470 1000000
 233  234 1 0.270 1000000
 240  241 1 0.320 1000000
 240  242 1 0.300 1000000
 241  242 1 0.270 1000000
 244  245 1 0.300 1000000
 244  246 1 0.300 1000000
 245  247 1 0.285 1000000
 246  247 1 0.285 1000000
 245  246 1 0.300 1000000
 248  249 1 0.305 1000000
 253  254 1 0.270 1000000
 259  260 1 0.292 1000000
 265  266 1 0.292 1000000
 271  272 1 0.292 1000000
 273  274 1 0.292 1000000
 301  302 1 0.340 1000000
 301  303 1 0.340 1000000
 302  303 1 0.290 1000000
 308  309 1 0.305 1000000
 311  312 1 0.320 1000000
 311  313 1 0.300 1000000
 312  313 1 0.270 1000000
 321  322 1 0.305 1000000
 330  331 1 0.305 1000000
 336  337 1 0.341 1000000
 343  344 1 0.341 1000000
 353  354 1 0.300 1000000
 353  355 1 0.300 1000000
 354  356 1 0.285 1000000
 355  356 1 0.285 1000000
 354  355 1 0.300 1000000
 364  365 1 0.341 1000000
 370  371 1 0.305 1000000
 373  374 1 0.340 1000000
 373  375 1 0.340 1000000
 374  375 1 0.290 1000000
 378  379 1 0.292 1000000
 380  381 1 0.292 1000000
 391  392 1 0.292 1000000
 397  398 1 0.305 1000000
 399  400 1 0.292 1000000
 401  402 1 0.292 1000000
 408  409 1 0.300 1000000
 408  410 1 0.300 1000000
 409  411 1 0.285 1000000
 410  411 1 0.285 1000000
 409  410 1 0.300 1000000
 414  415 1 0.270 1000000
 416  417 1 0.305 1000000
 422  423 1 0.292 1000000
 425  426 1 0.320 1000000
 425  427 1 0.300 1000000
 426  427 1 0.270 1000000
 432  433 1 0.292 1000000
 438  439 1 0.305 1000000
 444  445 1 0.305 1000000
 447  448 1 0.300 1000000
 447  449 1 0.300 1000000
 448  450 1 0.285 1000000
 449  450 1 0.285 1000000
 448  449 1 0.300 1000000
 453  454 1 0.341 1000000
 461  462 1 0.270 1000000
 466  467 1 0.300 1000000
 466  468 1 0.300 1000000
 467  469 1 0.285 1000000
 468  469 1 0.285 1000000
 467  468 1 0.300 1000000
 472  473 1 0.341 1000000
 477  478 1 0.340 1000000
 477  479 1 0.340 1000000
 478  479 1 0.290 1000000
 483  484 1 0.305 1000000
 492  493 1 0.305 1000000
 494  495 1 0.305 1000000
 498  499 1 0.305 1000000
 501  502 1 0.300 1000000
 501  503 1 0.300 1000000
 502  504 1 0.285 1000000
 503  504 1 0.285 1000000
 502  503 1 0.300 1000000
 513  514 1 0.320 1000000
 513  515 1 0.300 1000000
 514  515 1 0.270 1000000
 518  519 1 0.292 1000000
 522  523 1 0.270 1000000
 524  525 1 0.305 1000000
 531  532 1 0.292 1000000
 533  534 1 0.305 1000000
 535  536 1 0.305 1000000
 545  546 1 0.340 1000000
 545  547 1 0.340 1000000
 546  547 1 0.290 1000000
 557  558 1 0.270 1000000
 571  572 1 0.270 1000000
 573  574 1 0.292 1000000
 579  580 1 0.292 1000000
 584  585 1 0.340 1000000
 584  586 1 0.340 1000000
 585  586 1 0.290 1000000
 595  596 1 0.320 1000000
 595  597 1 0.300 1000000
 596  597 1 0.270 1000000
 599  600 1 0.340 1000000
 599  601 1 0.340 1000000
 600  601 1 0.290 1000000
 603  604 1 0.340 1000000
 603  605 1 0.340 1000000
 604  605 1 0.290 1000000
 612  613 1 0.340 1000000
 612  614 1 0.340 1000000
 613  614 1 0.290 1000000
 615  616 1 0.270 1000000
 621  622 1 0.305 1000000
 636  637 1 0.300 1000000
 636  638 1 0.300 1000000
 637  639 1 0.285 1000000
 638  639 1 0.285 1000000
 637  638 1 0.300 1000000
 643  644 1 0.270 1000000
 647  648 1 0.305 1000000
 649  650 1 0.292 1000000
 657  658 1 0.305 1000000
 666  667 1 0.340 1000000
 666  668 1 0.340 1000000
 667  668 1 0.290 1000000
 671  672 1 0.270 1000000
 682  683 1 0.270 1000000
 684  685 1 0.270 1000000
 696  697 1 0.320 1000000
 696  698 1 0.300 1000000
 697  698 1 0.270 1000000
 704  705 1 0.300 1000000
 704  706 1 0.300 1000000
 705  707 1 0.285 1000000
 706  707 1 0.285 1000000
 705  706 1 0.300 1000000
 710  711 1 0.305 1000000
 712  713 1 0.292 1000000
 714  715 1 0.270 1000000
 716  717 1 0.270 1000000
 718  719 1 0.292 1000000
 721  722 1 0.340 1000000
 721  723 1 0.340 1000000
 722  723 1 0.290 1000000
 742  743 1 0.292 1000000
 756  757 1 0.292 1000000
 772  773 1 0.300 1000000
 772  774 1 0.300 1000000
 773  775 1 0.285 1000000
 774  775 1 0.285 1000000
 773  774 1 0.300 1000000
 777  778 1 0.340 1000000
 777  779 1 0.340 1000000
 778  779 1 0.290 1000000
 780  781 1 0.292 1000000
 785  786 1 0.335 1000000
 786  789 1 0.412 1000000
 788  789 1 0.293 1000000
 785  788 1 0.404 1000000
 786  788 1 0.470 1000000
 790  791 1 0.341 1000000
 798  799 1 0.292 1000000
 803  804 1 0.305 1000000
 805  806 1 0.270 1000000
 807  808 1 0.292 1000000
 813  814 1 0.341 1000000
 832  833 1 0.270 1000000
 834  835 1 0.305 1000000
 837  838 1 0.340 1000000
 837  839 1 0.340 1000000
 838  839 1 0.290 1000000
 840  841 1 0.341 1000000
 847  848 1 0.305 1000000
 849  850 1 0.270 1000000
 851  852 1 0.341 1000000
 860  861 1 0.340 1000000
 860  862 1 0.340 1000000
 861  862 1 0.290 1000000
 869  870 1 0.341 1000000
 878  879 1 0.340 1000000
 878  880 1 0.340 1000000
 879  880 1 0.290 1000000
 881  882 1 0.305 1000000
 883  884 1 0.270 1000000
 888  889 1 0.340 1000000
 888  890 1 0.340 1000000
 889  890 1 0.290 1000000
 900  901 1 0.270 1000000
 903  904 1 0.340 1000000
 903  905 1 0.340 1000000
 904  905 1 0.290 1000000
 909  910 1 0.320 1000000
 909  911 1 0.300 1000000
 910  911 1 0.270 1000000
 913  914 1 0.335 1000000
 914  917 1 0.412 1000000
 916  917 1 0.293 1000000
 913  916 1 0.404 1000000
 914  916 1 0.470 1000000
 919  920 1 0.300 1000000
 919  921 1 0.300 1000000
 920  922 1 0.285 1000000
 921  922 1 0.285 1000000
 920  921 1 0.300 1000000
 923  924 1 0.305 1000000
 940  941 1 0.340 1000000
 940  942 1 0.340 1000000
 941  942 1 0.290 1000000
 943  944 1 0.305 1000000
 947  948 1 0.270 1000000
 963  964 1 0.292 1000000
 970  971 1 0.300 1000000
 970  972 1 0.300 1000000
 971  973 1 0.285 1000000
 972  973 1 0.285 1000000
 971  972 1 0.300 1000000
 979  980 1 0.300 1000000
 979  981 1 0.300 1000000
 980  982 1 0.285 1000000
 981  982 1 0.285 1000000
 980  981 1 0.300 1000000
 987  988 1 0.270 1000000
 989  990 1 0.305 1000000
 991  992 1 0.270 1000000
1003 1004 1 0.340 1000000
1003 1005 1 0.340 1000000
1004 1005 1 0.290 1000000
1021 1022 1 0.270 1000000
1032 1033 1 0.341 1000000
1036 1037 1 0.341 1000000
1039 1040 1 0.320 1000000
1039 1041 1 0.300 1000000
1040 1041 1 0.270 1000000
1042 1043 1 0.292 1000000
1047 1048 1 0.270 1000000
1050 1051 1 0.292 1000000
1054 1055 1 0.341 1000000
1059 1060 1 0.270 1000000
1064 1065 1 0.335 1000000
1065 1068 1 0.412 1000000
1067 1068 1 0.293 1000000
1064 1067 1 0.404 1000000
1065 1067 1 0.470 1000000
1074 1075 1 0.300 1000000
1074 1076 1 0.300 1000000
1075 1077 1 0.285 1000000
1076 1077 1 0.285 1000000
1075 1076 1 0.300 1000000
1085 1086 1 0.320 1000000
1085 1087 1 0.300 1000000
1086 1087 1 0.270 1000000
1089 1090 1 0.341 1000000
1111 1112 1 0.305 1000000
1113 1114 1 0.341 1000000
1125 1126 1 0.340 1000000
1125 1127 1 0.340 1000000
1126 1127 1 0.290 1000000
1130 1131 1 0.305 1000000
1133 1134 1 0.340 1000000
1133 1135 1 0.340 1000000
1134 1135 1 0.290 1000000
1137 1138 1 0.340 1000000
1137 1139 1 0.340 1000000
1138 1139 1 0.290 1000000
1144 1145 1 0.305 1000000
1147 1148 1 0.270 1000000
1154 1155 1 0.320 1000000
1154 1156 1 0.300 1000000
1155 1156 1 0.270 1000000
1157 1158 1 0.292 1000000
1164 1165 1 0.270 1000000
1166 1167 1 0.292 1000000
1169 1170 1 0.340 1000000
1169 1171 1 0.340 1000000
1170 1171 1 0.290 1000000
1172 1173 1 0.292 1000000
1182 1183 1 0.305 1000000
1184 1185 1 0.292 1000000
1186 1187 1 0.341 1000000
1192 1193 1 0.292 1000000
1197 1198 1 0.305 1000000
1200 1201 1 0.305 1000000
1203 1204 1 0.300 1000000
1203 1205 1 0.300 1000000
1204 1206 1 0.285 1000000
1205 1206 1 0.285 1000000
1204 1205 1 0.300 1000000
1215 1216 1 0.340 1000000
1215 1217 1 0.340 1000000
1216 1217 1 0.290 1000000
1219 1220 1 0.320 1000000
1219 1221 1 0.300 1000000
1220 1221 1 0.270 1000000
1230 1231 1 0.341 1000000
1232 1233 1 0.305 1000000
1242 1243 1 0.270 1000000
1244 1245 1 0.270 1000000
1251 1252 1 0.300 1000000
1251 1253 1 0.300 1000000
1252 1254 1 0.285 1000000
1253 1254 1 0.285 1000000
1252 1253 1 0.300 1000000
1255 1256 1 0.270 1000000
1262 1263 1 0.320 1000000
1262 1264 1 0.300 1000000
1263 1264 1 0.270 1000000
1266 1267 1 0.300 1000000
1266 1268 1 0.300 1000000
1267 1269 1 0.285 1000000
1268 1269 1 0.285 1000000
1267 1268 1 0.300 1000000
1270 1271 1 0.305 1000000
1272 1273 1 0.341 1000000
1280 1281 1 0.341 1000000
1282 1283 1 0.341 1000000
1288 1289 1 0.292 1000000
1297 1298 1 0.341 1000000
1307 1308 1 0.270 1000000
1315 1316 1 0.305 1000000
1324 1325 1 0.340 1000000
1324 1326 1 0.340 1000000
1325 1326 1 0.290 1000000
1329 1330 1 0.292 1000000
1332 1333 1 0.340 1000000
1332 1334 1 0.340 1000000
1333 1334 1 0.290 1000000
1336 1337 1 0.320 1000000
1336 1338 1 0.300 1000000
1337 1338 1 0.270 1000000
1342 1343 1 0.340 1000000
1342 1344 1 0.340 1000000
1343 1344 1 0.290 1000000
1348 1349 1 0.305 1000000
1355 1356 1 0.340 1000000
1355 1357 1 0.340 1000000
1356 1357 1 0.290 1000000
1358 1359 1 0.305 1000000
1377 1378 1 0.292 1000000
1382 1383 1 0.300 1000000
1382 1384 1 0.300 1000000
1383 1385 1 0.285 1000000
1384 1385 1 0.285 1000000
1383 1384 1 0.300 1000000
1403 1404 1 0.340 1000000
1403 1405 1 0.340 1000000
1404 1405 1 0.290 1000000
1408 1409 1 0.341 1000000
1411 1412 1 0.300 1000000
1411 1413 1 0.300 1000000
1412 1414 1 0.285 1000000
1413 1414 1 0.285 1000000
1412 1413 1 0.300 1000000
1417 1418 1 0.270 1000000
1423 1424 1 0.292 1000000
1427 1428 1 0.305 1000000
1429 1430 1 0.270 1000000
1431 1432 1 0.292 1000000
1433 1434 1 0.292 1000000
1440 1441 1 0.300 1000000
1440 1442 1 0.300 1000000
1441 1443 1 0.285 1000000
1442 1443 1 0.285 1000000
1441 1442 1 0.300 1000000
1448 1449 1 0.341 1000000
1452 1453 1 0.305 1000000
1454 1455 1 0.305 1000000
1457 1458 1 0.320 1000000
1457 1459 1 0.300 1000000
1458 1459 1 0.270 1000000
1460 1461 1 0.305 1000000
1462 1463 1 0.305 1000000
1469 1470 1 0.320 1000000
1469 1471 1 0.300 1000000
1470 1471 1 0.270 1000000
1478 1479 1 0.270 1000000
1481 1482 1 0.340 1000000
1481 1483 1 0.340 1000000
1482 1483 1 0.290 1000000
1486 1487 1 0.292 1000000
1494 1495 1 0.270 1000000
1496 1497 1 0.341 1000000
1499 1500 1 0.300 1000000
1499 1501 1 0.300 1000000
1500 1502 1 0.285 1000000
1501 1502 1 0.285 1000000
1500 1501 1 0.300 1000000
1505 1506 1 0.341 1000000
1521 1522 1 0.341 1000000
1530 1531 1 0.305 1000000
1533 1534 1 0.300 1000000
1533 1535 1 0.300 1000000
1534 1536 1 0.285 1000000
1535 1536 1 0.285 1000000
1534 1535 1 0.300 1000000
1537 1538 1 0.305 1000000
1550 1551 1 0.341 1000000
1556 1557 1 0.341 1000000
1558 1559 1 0.292 1000000
1564 1565 1 0.341 1000000
1566 1567 1 0.305 1000000
1568 1569 1 0.270 1000000
1578 1579 1 0.340 1000000
1578 1580 1 0.340 1000000
1579 1580 1 0.290 1000000
1584 1585 1 0.270 1000000
1590 1591 1 0.292 1000000
1596 1597 1 0.305 1000000
1601 1602 1 0.340 1000000
1601 1603 1 0.340 1000000
1602 1603 1 0.290 1000000
1606 1607 1 0.305 1000000
1612 1613 1 0.292 1000000
1617 1618 1 0.300 1000000
1617 1619 1 0.300 1000000
1618 1620 1 0.285 1000000
1619 1620 1 0.285 1000000
1618 1619 1 0.300 1000000
1626 1627 1 0.341 1000000
1629 1630 1 0.320 1000000
1629 1631 1 0.300 1000000
1630 1631 1 0.270 1000000
1633 1634 1 0.340 1000000
1633 1635 1 0.340 1000000
1634 1635 1 0.290 1000000
1640 1641 1 0.270 1000000
1642 1643 1 0.305 1000000
1645 1646 1 0.300 1000000
1645 1647 1 0.300 1000000
1646 1648 1 0.285 1000000
1647 1648 1 0.285 1000000
1646 1647 1 0.300 1000000
1649 1650 1 0.270 1000000
1653 1654 1 0.292 1000000
1655 1656 1 0.341 1000000
1659 1660 1 0.270 1000000
1666 1667 1 0.270 1000000
1669 1670 1 0.300 1000000
1669 1671 1 0.300 1000000
1670 1672 1 0.285 1000000
1671 1672 1 0.285 1000000
1670 1671 1 0.300 1000000
1674 1675 1 0.320 1000000
1674 1676 1 0.300 1000000
1675 1676 1 0.270 1000000
1685 1686 1 0.292 1000000
1687 1688 1 0.270 1000000
1691 1692 1 0.341 1000000
1693 1694 1 0.305 1000000
1697 1698 1 0.270 1000000
1702 1703 1 0.340 1000000
1702 1704 1 0.340 1000000
1703 1704 1 0.290 1000000
1709 1710 1 0.270 1000000
1717 1718 1 0.292 1000000
1732 1733 1 0.320 1000000
1732 1734 1 0.300 1000000
1733 1734 1 0.270 1000000
1740 1741 1 0.300 1000000
1740 1742 1 0.300 1000000
1741 1743 1 0.285 1000000
1742 1743 1 0.285 1000000
1741 1742 1 0.300 1000000
1746 1747 1 0.270 1000000
1757 1758 1 0.300 1000000
1757 1759 1 0.300 1000000
1758 1760 1 0.285 1000000
1759 1760 1 0.285 1000000
1758 1759 1 0.300 1000000
1767 1768 1 0.292 1000000
1769 1770 1 0.292 1000000
1778 1779 1 0.292 1000000
1782 1783 1 0.270 1000000
1784 1785 1 0.270 1000000
1786 1787 1 0.341 1000000
1788 1789 1 0.270 1000000
1790 1791 1 0.305 1000000
1792 1793 1 0.341 1000000
1797 1798 1 0.305 1000000
1807 1808 1 0.341 1000000
1812 1813 1 0.340 1000000
1812 1814 1 0.340 1000000
1813 1814 1 0.290 1000000
1815 1816 1 0.292 1000000
1820 1821 1 0.335 1000000
1821 1824 1 0.412 1000000
1823 1824 1 0.293 1000000
1820 1823 1 0.404 1000000
1821 1823 1 0.470 1000000
1829 1830 1 0.305 1000000
1833 1834 1 0.340 1000000
1833 1835 1 0.340 1000000
1834 1835 1 0.290 1000000
1839 1840 1 0.292 1000000
1842 1843 1 0.341 1000000
1847 1848 1 0.300 1000000
1847 1849 1 0.300 1000000
1848 1850 1 0.285 1000000
1849 1850 1 0.285 1000000
1848 1849 1 0.300 1000000
1857 1858 1 0.305 1000000
1859 1860 1 0.292 1000000
1861 1862 1 0.292 1000000
1871 1872 1 0.270 1000000
1876 1877 1 0.292 1000000
1883 1884 1 0.270 1000000
1885 1886 1 0.292 1000000
1897 1898 1 0.305 1000000
1899 1900 1 0.305 1000000
1901 1902 1 0.270 1000000
1903 1904 1 0.341 1000000
1905 1906 1 0.270 1000000
1909 1910 1 0.270 1000000
1912 1913 1 0.335 1000000
1913 1916 1 0.412 1000000
1915 1916 1 0.293 1000000
1912 1915 1 0.404 1000000
1913 1915 1 0.470 1000000
1917 1918 1 0.270 1000000
1927 1928 1 0.320 1000000
1927 1929 1 0.300 1000000
1928 1929 1 0.270 1000000
1934 1935 1 0.340 1000000
1934 1936 1 0.340 1000000
1935 1936 1 0.290 1000000
1944 1945 1 0.300 1000000
1944 1946 1 0.300 1000000
1945 1947 1 0.285 1000000
1946 1947 1 0.285 1000000
1945 1946 1 0.300 1000000
1948 1949 1 0.270 1000000
1956 1957 1 0.270 1000000
1959 1960 1 0.340 1000000
1959 1961 1 0.340 1000000
1960 1961 1 0.290 1000000
1962 1963 1 0.292 1000000
1965 1966 1 0.320 1000000
1965 1967 1 0.300 1000000
1966 1967 1 0.270 1000000
1969 1970 1 0.335 1000000
1970 1973 1 0.412 1000000
1972 1973 1 0.293 1000000
1969 1972 1 0.404 1000000
1970 1972 1 0.470 1000000
1975 1976 1 0.300 1000000
1975 1977 1 0.300 1000000
1976 1978 1 0.285 1000000
1977 1978 1 0.285 1000000
1976 1977 1 0.300 1000000
1979 1980 1 0.292 1000000
1995 1996 1 0.340 1000000
1995 1997 1 0.340 1000000
1996 1997 1 0.290 1000000
2002 2003 1 0.270 1000000
2013 2014 1 0.270 1000000
2015 2016 1 0.270 1000000
2027 2028 1 0.300 1000000
2027 2029 1 0.300 1000000
2028 2030 1 0.285 1000000
2029 2030 1 0.285 1000000
2028 2029 1 0.300 1000000
2035 2036 1 0.292 1000000
2038 2039 1 0.292 1000000
2044 2045 1 0.292 1000000
2064 2065 1 0.300 1000000
2064 2066 1 0.300 1000000
2065 2067 1 0.285 1000000
2066 2067 1 0.285 1000000
2065 2066 1 0.300 1000000
