   8    9 1 0.341
  10   11 1 0.292
  13   14 1 0.320
  13   15 1 0.300
  14   15 1 0.270
  16   17 1 0.341
  20   21 1 0.270
  32   33 1 0.341
  35   36 1 0.270
  41   42 1 0.340
  41   43 1 0.340
  42   43 1 0.290
  45   46 1 0.335
  46   49 1 0.412
  48   49 1 0.293
  45   48 1 0.404
  46   48 1 0.470
  52   53 1 0.292
  54   55 1 0.341
  63   64 1 0.320
  63   65 1 0.300
  64   65 1 0.270
  67   68 1 0.341
  73   74 1 0.305
  79   80 1 0.300
  79   81 1 0.300
  80   82 1 0.285
  81   82 1 0.285
  80   81 1 0.300
  84   85 1 0.320
  84   86 1 0.300
  85   86 1 0.270
 105  106 1 0.341
 109  110 1 0.292
 112  113 1 0.300
 112  114 1 0.300
 113  115 1 0.285
 114  115 1 0.285
 113  114 1 0.300
 117  118 1 0.300
 117  119 1 0.300
 118  120 1 0.285
 119  120 1 0.285
 118  119 1 0.300
 125  126 1 0.270
 127  128 1 0.270
 136  137 1 0.300
 136  138 1 0.300
 137  139 1 0.285
 138  139 1 0.285
 137  138 1 0.300
 140  141 1 0.292
 147  148 1 0.270
 149  150 1 0.341
 153  154 1 0.292
 164  165 1 0.305
 172  173 1 0.292
 183  184 1 0.340
 183  185 1 0.340
 184  185 1 0.290
 189  190 1 0.341
 192  193 1 0.340
 192  194 1 0.340
 193  194 1 0.290
 205  206 1 0.340
 205  207 1 0.340
 206  207 1 0.290
 208  209 1 0.292
 211  212 1 0.340
 211  213 1 0.340
 212  213 1 0.290
 220  221 1 0.270
 228  229 1 0.335
 229  232 1 0.412
 231  232 1 0.293
 228  231 1 0.404
 229  231 1 0.470
 233  234 1 0.270
 240  241 1 0.320
 240  242 1 0.300
 241  242 1 0.270
 244  245 1 0.300
 244  246 1 0.300
 245  247 1 0.285
 246  247 1 0.285
 245  246 1 0.300
 248  249 1 0.305
 253  254 1 0.270
 259  260 1 0.292
 265  266 1 0.292
 271  272 1 0.292
 273  274 1 0.292
 301  302 1 0.340
 301  303 1 0.340
 302  303 1 0.290
 308  309 1 0.305
 311  312 1 0.320
 311  313 1 0.300
 312  313 1 0.270
 321  322 1 0.305
 330  331 1 0.305
 336  337 1 0.341
 343  344 1 0.341
 353  354 1 0.300
 353  355 1 0.300
 354  356 1 0.285
 355  356 1 0.285
 354  355 1 0.300
 364  365 1 0.341
 370  371 1 0.305
 373  374 1 0.340
 373  375 1 0.340
 374  375 1 0.290
 378  379 1 0.292
 380  381 1 0.292
 391  392 1 0.292
 397  398 1 0.305
 399  400 1 0.292
 401  402 1 0.292
 408  409 1 0.300
 408  410 1 0.300
 409  411 1 0.285
 410  411 1 0.285
 409  410 1 0.300
 414  415 1 0.270
 416  417 1 0.305
 422  423 1 0.292
 425  426 1 0.320
 425  427 1 0.300
 426  427 1 0.270
 432  433 1 0.292
 438  439 1 0.305
 444  445 1 0.305
 447  448 1 0.300
 447  449 1 0.300
 448  450 1 0.285
 449  450 1 0.285
 448  449 1 0.300
 453  454 1 0.341
 461  462 1 0.270
 466  467 1 0.300
 466  468 1 0.300
 467  469 1 0.285
 468  469 1 0.285
 467  468 1 0.300
 472  473 1 0.341
 477  478 1 0.340
 477  479 1 0.340
 478  479 1 0.290
 483  484 1 0.305
 492  493 1 0.305
 494  495 1 0.305
 498  499 1 0.305
 501  502 1 0.300
 501  503 1 0.300
 502  504 1 0.285
 503  504 1 0.285
 502  503 1 0.300
 513  514 1 0.320
 513  515 1 0.300
 514  515 1 0.270
 518  519 1 0.292
 522  523 1 0.270
 524  525 1 0.305
 531  532 1 0.292
 533  534 1 0.305
 535  536 1 0.305
 545  546 1 0.340
 545  547 1 0.340
 546  547 1 0.290
 557  558 1 0.270
 571  572 1 0.270
 573  574 1 0.292
 579  580 1 0.292
 584  585 1 0.340
 584  586 1 0.340
 585  586 1 0.290
 595  596 1 0.320
 595  597 1 0.300
 596  597 1 0.270
 599  600 1 0.340
 599  601 1 0.340
 600  601 1 0.290
 603  604 1 0.340
 603  605 1 0.340
 604  605 1 0.290
 612  613 1 0.340
 612  614 1 0.340
 613  614 1 0.290
 615  616 1 0.270
 621  622 1 0.305
 636  637 1 0.300
 636  638 1 0.300
 637  639 1 0.285
 638  639 1 0.285
 637  638 1 0.300
 643  644 1 0.270
 647  648 1 0.305
 649  650 1 0.292
 657  658 1 0.305
 666  667 1 0.340
 666  668 1 0.340
 667  668 1 0.290
 671  672 1 0.270
 682  683 1 0.270
 684  685 1 0.270
 696  697 1 0.320
 696  698 1 0.300
 697  698 1 0.270
 704  705 1 0.300
 704  706 1 0.300
 705  707 1 0.285
 706  707 1 0.285
 705  706 1 0.300
 710  711 1 0.305
 712  713 1 0.292
 714  715 1 0.270
 716  717 1 0.270
 718  719 1 0.292
 721  722 1 0.340
 721  723 1 0.340
 722  723 1 0.290
 742  743 1 0.292
 756  757 1 0.292
 772  773 1 0.300
 772  774 1 0.300
 773  775 1 0.285
 774  775 1 0.285
 773  774 1 0.300
 777  778 1 0.340
 777  779 1 0.340
 778  779 1 0.290
 780  781 1 0.292
 785  786 1 0.335
 786  789 1 0.412
 788  789 1 0.293
 785  788 1 0.404
 786  788 1 0.470
 790  791 1 0.341
 798  799 1 0.292
 803  804 1 0.305
 805  806 1 0.270
 807  808 1 0.292
 813  814 1 0.341
 832  833 1 0.270
 834  835 1 0.305
 837  838 1 0.340
 837  839 1 0.340
 838  839 1 0.290
 840  841 1 0.341
 847  848 1 0.305
 849  850 1 0.270
 851  852 1 0.341
 860  861 1 0.340
 860  862 1 0.340
 861  862 1 0.290
 869  870 1 0.341
 878  879 1 0.340
 878  880 1 0.340
 879  880 1 0.290
 881  882 1 0.305
 883  884 1 0.270
 888  889 1 0.340
 888  890 1 0.340
 889  890 1 0.290
 900  901 1 0.270
 903  904 1 0.340
 903  905 1 0.340
 904  905 1 0.290
 909  910 1 0.320
 909  911 1 0.300
 910  911 1 0.270
 913  914 1 0.335
 914  917 1 0.412
 916  917 1 0.293
 913  916 1 0.404
 914  916 1 0.470
 919  920 1 0.300
 919  921 1 0.300
 920  922 1 0.285
 921  922 1 0.285
 920  921 1 0.300
 923  924 1 0.305
 940  941 1 0.340
 940  942 1 0.340
 941  942 1 0.290
 943  944 1 0.305
 947  948 1 0.270
 963  964 1 0.292
 970  971 1 0.300
 970  972 1 0.300
 971  973 1 0.285
 972  973 1 0.285
 971  972 1 0.300
 979  980 1 0.300
 979  981 1 0.300
 980  982 1 0.285
 981  982 1 0.285
 980  981 1 0.300
 987  988 1 0.270
 989  990 1 0.305
 991  992 1 0.270
1003 1004 1 0.340
1003 1005 1 0.340
1004 1005 1 0.290
1021 1022 1 0.270
1032 1033 1 0.341
1036 1037 1 0.341
1039 1040 1 0.320
1039 1041 1 0.300
1040 1041 1 0.270
1042 1043 1 0.292
1047 1048 1 0.270
1050 1051 1 0.292
1054 1055 1 0.341
1059 1060 1 0.270
1064 1065 1 0.335
1065 1068 1 0.412
1067 1068 1 0.293
1064 1067 1 0.404
1065 1067 1 0.470
1074 1075 1 0.300
1074 1076 1 0.300
1075 1077 1 0.285
1076 1077 1 0.285
1075 1076 1 0.300
1085 1086 1 0.320
1085 1087 1 0.300
1086 1087 1 0.270
1089 1090 1 0.341
1111 1112 1 0.305
1113 1114 1 0.341
1125 1126 1 0.340
1125 1127 1 0.340
1126 1127 1 0.290
1130 1131 1 0.305
1133 1134 1 0.340
1133 1135 1 0.340
1134 1135 1 0.290
1137 1138 1 0.340
1137 1139 1 0.340
1138 1139 1 0.290
1144 1145 1 0.305
1147 1148 1 0.270
1154 1155 1 0.320
1154 1156 1 0.300
1155 1156 1 0.270
1157 1158 1 0.292
1164 1165 1 0.270
1166 1167 1 0.292
1169 1170 1 0.340
1169 1171 1 0.340
1170 1171 1 0.290
1172 1173 1 0.292
1182 1183 1 0.305
1184 1185 1 0.292
1186 1187 1 0.341
1192 1193 1 0.292
1197 1198 1 0.305
1200 1201 1 0.305
1203 1204 1 0.300
1203 1205 1 0.300
1204 1206 1 0.285
1205 1206 1 0.285
1204 1205 1 0.300
1215 1216 1 0.340
1215 1217 1 0.340
1216 1217 1 0.290
1219 1220 1 0.320
1219 1221 1 0.300
1220 1221 1 0.270
1230 1231 1 0.341
1232 1233 1 0.305
1242 1243 1 0.270
1244 1245 1 0.270
1251 1252 1 0.300
1251 1253 1 0.300
1252 1254 1 0.285
1253 1254 1 0.285
1252 1253 1 0.300
1255 1256 1 0.270
1262 1263 1 0.320
1262 1264 1 0.300
1263 1264 1 0.270
1266 1267 1 0.300
1266 1268 1 0.300
1267 1269 1 0.285
1268 1269 1 0.285
1267 1268 1 0.300
1270 1271 1 0.305
1272 1273 1 0.341
1280 1281 1 0.341
1282 1283 1 0.341
1288 1289 1 0.292
1297 1298 1 0.341
1307 1308 1 0.270
1315 1316 1 0.305
1324 1325 1 0.340
1324 1326 1 0.340
1325 1326 1 0.290
1329 1330 1 0.292
1332 1333 1 0.340
1332 1334 1 0.340
1333 1334 1 0.290
1336 1337 1 0.320
1336 1338 1 0.300
1337 1338 1 0.270
1342 1343 1 0.340
1342 1344 1 0.340
1343 1344 1 0.290
1348 1349 1 0.305
1355 1356 1 0.340
1355 1357 1 0.340
1356 1357 1 0.290
1358 1359 1 0.305
1377 1378 1 0.292
1382 1383 1 0.300
1382 1384 1 0.300
1383 1385 1 0.285
1384 1385 1 0.285
1383 1384 1 0.300
1403 1404 1 0.340
1403 1405 1 0.340
1404 1405 1 0.290
1408 1409 1 0.341
1411 1412 1 0.300
1411 1413 1 0.300
1412 1414 1 0.285
1413 1414 1 0.285
1412 1413 1 0.300
1417 1418 1 0.270
1423 1424 1 0.292
1427 1428 1 0.305
1429 1430 1 0.270
1431 1432 1 0.292
1433 1434 1 0.292
1440 1441 1 0.300
1440 1442 1 0.300
1441 1443 1 0.285
1442 1443 1 0.285
1441 1442 1 0.300
1448 1449 1 0.341
1452 1453 1 0.305
1454 1455 1 0.305
1457 1458 1 0.320
1457 1459 1 0.300
1458 1459 1 0.270
1460 1461 1 0.305
1462 1463 1 0.305
1469 1470 1 0.320
1469 1471 1 0.300
1470 1471 1 0.270
1478 1479 1 0.270
1481 1482 1 0.340
1481 1483 1 0.340
1482 1483 1 0.290
1486 1487 1 0.292
1494 1495 1 0.270
1496 1497 1 0.341
1499 1500 1 0.300
1499 1501 1 0.300
1500 1502 1 0.285
1501 1502 1 0.285
1500 1501 1 0.300
1505 1506 1 0.341
1521 1522 1 0.341
1530 1531 1 0.305
1533 1534 1 0.300
1533 1535 1 0.300
1534 1536 1 0.285
1535 1536 1 0.285
1534 1535 1 0.300
1537 1538 1 0.305
1550 1551 1 0.341
1556 1557 1 0.341
1558 1559 1 0.292
1564 1565 1 0.341
1566 1567 1 0.305
1568 1569 1 0.270
1578 1579 1 0.340
1578 1580 1 0.340
1579 1580 1 0.290
1584 1585 1 0.270
1590 1591 1 0.292
1596 1597 1 0.305
1601 1602 1 0.340
1601 1603 1 0.340
1602 1603 1 0.290
1606 1607 1 0.305
1612 1613 1 0.292
1617 1618 1 0.300
1617 1619 1 0.300
1618 1620 1 0.285
1619 1620 1 0.285
1618 1619 1 0.300
1626 1627 1 0.341
1629 1630 1 0.320
1629 1631 1 0.300
1630 1631 1 0.270
1633 1634 1 0.340
1633 1635 1 0.340
1634 1635 1 0.290
1640 1641 1 0.270
1642 1643 1 0.305
1645 1646 1 0.300
1645 1647 1 0.300
1646 1648 1 0.285
1647 1648 1 0.285
1646 1647 1 0.300
1649 1650 1 0.270
1653 1654 1 0.292
1655 1656 1 0.341
1659 1660 1 0.270
1666 1667 1 0.270
1669 1670 1 0.300
1669 1671 1 0.300
1670 1672 1 0.285
1671 1672 1 0.285
1670 1671 1 0.300
1674 1675 1 0.320
1674 1676 1 0.300
1675 1676 1 0.270
1685 1686 1 0.292
1687 1688 1 0.270
1691 1692 1 0.341
1693 1694 1 0.305
1697 1698 1 0.270
1702 1703 1 0.340
1702 1704 1 0.340
1703 1704 1 0.290
1709 1710 1 0.270
1717 1718 1 0.292
1732 1733 1 0.320
1732 1734 1 0.300
1733 1734 1 0.270
1740 1741 1 0.300
1740 1742 1 0.300
1741 1743 1 0.285
1742 1743 1 0.285
1741 1742 1 0.300
1746 1747 1 0.270
1757 1758 1 0.300
1757 1759 1 0.300
1758 1760 1 0.285
1759 1760 1 0.285
1758 1759 1 0.300
1767 1768 1 0.292
1769 1770 1 0.292
1778 1779 1 0.292
1782 1783 1 0.270
1784 1785 1 0.270
1786 1787 1 0.341
1788 1789 1 0.270
1790 1791 1 0.305
1792 1793 1 0.341
1797 1798 1 0.305
1807 1808 1 0.341
1812 1813 1 0.340
1812 1814 1 0.340
1813 1814 1 0.290
1815 1816 1 0.292
1820 1821 1 0.335
1821 1824 1 0.412
1823 1824 1 0.293
1820 1823 1 0.404
1821 1823 1 0.470
1829 1830 1 0.305
1833 1834 1 0.340
1833 1835 1 0.340
1834 1835 1 0.290
1839 1840 1 0.292
1842 1843 1 0.341
1847 1848 1 0.300
1847 1849 1 0.300
1848 1850 1 0.285
1849 1850 1 0.285
1848 1849 1 0.300
1857 1858 1 0.305
1859 1860 1 0.292
1861 1862 1 0.292
1871 1872 1 0.270
1876 1877 1 0.292
1883 1884 1 0.270
1885 1886 1 0.292
1897 1898 1 0.305
1899 1900 1 0.305
1901 1902 1 0.270
1903 1904 1 0.341
1905 1906 1 0.270
1909 1910 1 0.270
1912 1913 1 0.335
1913 1916 1 0.412
1915 1916 1 0.293
1912 1915 1 0.404
1913 1915 1 0.470
1917 1918 1 0.270
1927 1928 1 0.320
1927 1929 1 0.300
1928 1929 1 0.270
1934 1935 1 0.340
1934 1936 1 0.340
1935 1936 1 0.290
1944 1945 1 0.300
1944 1946 1 0.300
1945 1947 1 0.285
1946 1947 1 0.285
1945 1946 1 0.300
1948 1949 1 0.270
1956 1957 1 0.270
1959 1960 1 0.340
1959 1961 1 0.340
1960 1961 1 0.290
1962 1963 1 0.292
1965 1966 1 0.320
1965 1967 1 0.300
1966 1967 1 0.270
1969 1970 1 0.335
1970 1973 1 0.412
1972 1973 1 0.293
1969 1972 1 0.404
1970 1972 1 0.470
1975 1976 1 0.300
1975 1977 1 0.300
1976 1978 1 0.285
1977 1978 1 0.285
1976 1977 1 0.300
1979 1980 1 0.292
1995 1996 1 0.340
1995 1997 1 0.340
1996 1997 1 0.290
2002 2003 1 0.270
2013 2014 1 0.270
2015 2016 1 0.270
2027 2028 1 0.300
2027 2029 1 0.300
2028 2030 1 0.285
2029 2030 1 0.285
2028 2029 1 0.300
2035 2036 1 0.292
2038 2039 1 0.292
2044 2045 1 0.292
2064 2065 1 0.300
2064 2066 1 0.300
2065 2067 1 0.285
2066 2067 1 0.285
2065 2066 1 0.300
