1	1   1000   1000   1000
3	1   1000   1000   1000
6	1   1000   1000   1000
8	1   1000   1000   1000
10	1   1000   1000   1000
12	1   1000   1000   1000
16	1   1000   1000   1000
18	1   1000   1000   1000
20	1   1000   1000   1000
22	1   1000   1000   1000
23	1   1000   1000   1000
25	1   1000   1000   1000
27	1   1000   1000   1000
28	1   1000   1000   1000
30	1   1000   1000   1000
32	1   1000   1000   1000
34	1   1000   1000   1000
35	1   1000   1000   1000
37	1   1000   1000   1000
40	1   1000   1000   1000
44	1   1000   1000   1000
50	1   1000   1000   1000
52	1   1000   1000   1000
54	1   1000   1000   1000
56	1   1000   1000   1000
58	1   1000   1000   1000
60	1   1000   1000   1000
62	1   1000   1000   1000
66	1   1000   1000   1000
67	1   1000   1000   1000
69	1   1000   1000   1000
71	1   1000   1000   1000
73	1   1000   1000   1000
75	1   1000   1000   1000
76	1   1000   1000   1000
78	1   1000   1000   1000
83	1   1000   1000   1000
87	1   1000   1000   1000
88	1   1000   1000   1000
90	1   1000   1000   1000
92	1   1000   1000   1000
94	1   1000   1000   1000
96	1   1000   1000   1000
98	1   1000   1000   1000
100	1   1000   1000   1000
102	1   1000   1000   1000
105	1   1000   1000   1000
107	1   1000   1000   1000
109	1   1000   1000   1000
111	1   1000   1000   1000
116	1   1000   1000   1000
121	1   1000   1000   1000
123	1   1000   1000   1000
125	1   1000   1000   1000
127	1   1000   1000   1000
129	1   1000   1000   1000
130	1   1000   1000   1000
132	1   1000   1000   1000
135	1   1000   1000   1000
140	1   1000   1000   1000
142	1   1000   1000   1000
144	1   1000   1000   1000
147	1   1000   1000   1000
149	1   1000   1000   1000
151	1   1000   1000   1000
153	1   1000   1000   1000
155	1   1000   1000   1000
157	1   1000   1000   1000
159	1   1000   1000   1000
161	1   1000   1000   1000
163	1   1000   1000   1000
164	1   1000   1000   1000
166	1   1000   1000   1000
168	1   1000   1000   1000
170	1   1000   1000   1000
172	1   1000   1000   1000
174	1   1000   1000   1000
177	1   1000   1000   1000
179	1   1000   1000   1000
180	1   1000   1000   1000
182	1   1000   1000   1000
186	1   1000   1000   1000
187	1   1000   1000   1000
189	1   1000   1000   1000
191	1   1000   1000   1000
195	1   1000   1000   1000
198	1   1000   1000   1000
200	1   1000   1000   1000
202	1   1000   1000   1000
204	1   1000   1000   1000
208	1   1000   1000   1000
210	1   1000   1000   1000
214	1   1000   1000   1000
215	1   1000   1000   1000
217	1   1000   1000   1000
219	1   1000   1000   1000
220	1   1000   1000   1000
222	1   1000   1000   1000
223	1   1000   1000   1000
225	1   1000   1000   1000
227	1   1000   1000   1000
233	1   1000   1000   1000
235	1   1000   1000   1000
238	1   1000   1000   1000
239	1   1000   1000   1000
243	1   1000   1000   1000
248	1   1000   1000   1000
250	1   1000   1000   1000
252	1   1000   1000   1000
253	1   1000   1000   1000
255	1   1000   1000   1000
257	1   1000   1000   1000
259	1   1000   1000   1000
261	1   1000   1000   1000
263	1   1000   1000   1000
265	1   1000   1000   1000
267	1   1000   1000   1000
269	1   1000   1000   1000
271	1   1000   1000   1000
273	1   1000   1000   1000
275	1   1000   1000   1000
278	1   1000   1000   1000
281	1   1000   1000   1000
283	1   1000   1000   1000
285	1   1000   1000   1000
287	1   1000   1000   1000
289	1   1000   1000   1000
291	1   1000   1000   1000
293	1   1000   1000   1000
295	1   1000   1000   1000
297	1   1000   1000   1000
299	1   1000   1000   1000
300	1   1000   1000   1000
304	1   1000   1000   1000
306	1   1000   1000   1000
308	1   1000   1000   1000
310	1   1000   1000   1000
314	1   1000   1000   1000
316	1   1000   1000   1000
318	1   1000   1000   1000
319	1   1000   1000   1000
320	1   1000   1000   1000
321	1   1000   1000   1000
323	1   1000   1000   1000
324	1   1000   1000   1000
326	1   1000   1000   1000
327	1   1000   1000   1000
329	1   1000   1000   1000
330	1   1000   1000   1000
332	1   1000   1000   1000
334	1   1000   1000   1000
336	1   1000   1000   1000
338	1   1000   1000   1000
340	1   1000   1000   1000
343	1   1000   1000   1000
345	1   1000   1000   1000
348	1   1000   1000   1000
350	1   1000   1000   1000
352	1   1000   1000   1000
357	1   1000   1000   1000
359	1   1000   1000   1000
361	1   1000   1000   1000
364	1   1000   1000   1000
366	1   1000   1000   1000
368	1   1000   1000   1000
370	1   1000   1000   1000
372	1   1000   1000   1000
376	1   1000   1000   1000
378	1   1000   1000   1000
380	1   1000   1000   1000
382	1   1000   1000   1000
384	1   1000   1000   1000
386	1   1000   1000   1000
388	1   1000   1000   1000
391	1   1000   1000   1000
393	1   1000   1000   1000
395	1   1000   1000   1000
397	1   1000   1000   1000
399	1   1000   1000   1000
401	1   1000   1000   1000
403	1   1000   1000   1000
405	1   1000   1000   1000
407	1   1000   1000   1000
412	1   1000   1000   1000
414	1   1000   1000   1000
416	1   1000   1000   1000
418	1   1000   1000   1000
420	1   1000   1000   1000
422	1   1000   1000   1000
424	1   1000   1000   1000
428	1   1000   1000   1000
430	1   1000   1000   1000
432	1   1000   1000   1000
434	1   1000   1000   1000
436	1   1000   1000   1000
438	1   1000   1000   1000
440	1   1000   1000   1000
442	1   1000   1000   1000
444	1   1000   1000   1000
446	1   1000   1000   1000
451	1   1000   1000   1000
453	1   1000   1000   1000
455	1   1000   1000   1000
457	1   1000   1000   1000
459	1   1000   1000   1000
461	1   1000   1000   1000
463	1   1000   1000   1000
465	1   1000   1000   1000
470	1   1000   1000   1000
472	1   1000   1000   1000
474	1   1000   1000   1000
476	1   1000   1000   1000
480	1   1000   1000   1000
483	1   1000   1000   1000
485	1   1000   1000   1000
487	1   1000   1000   1000
490	1   1000   1000   1000
492	1   1000   1000   1000
494	1   1000   1000   1000
496	1   1000   1000   1000
498	1   1000   1000   1000
500	1   1000   1000   1000
505	1   1000   1000   1000
506	1   1000   1000   1000
508	1   1000   1000   1000
510	1   1000   1000   1000
512	1   1000   1000   1000
516	1   1000   1000   1000
518	1   1000   1000   1000
520	1   1000   1000   1000
522	1   1000   1000   1000
524	1   1000   1000   1000
526	1   1000   1000   1000
528	1   1000   1000   1000
530	1   1000   1000   1000
531	1   1000   1000   1000
533	1   1000   1000   1000
535	1   1000   1000   1000
537	1   1000   1000   1000
539	1   1000   1000   1000
541	1   1000   1000   1000
544	1   1000   1000   1000
548	1   1000   1000   1000
550	1   1000   1000   1000
551	1   1000   1000   1000
553	1   1000   1000   1000
555	1   1000   1000   1000
557	1   1000   1000   1000
559	1   1000   1000   1000
561	1   1000   1000   1000
563	1   1000   1000   1000
566	1   1000   1000   1000
569	1   1000   1000   1000
571	1   1000   1000   1000
573	1   1000   1000   1000
575	1   1000   1000   1000
577	1   1000   1000   1000
579	1   1000   1000   1000
581	1   1000   1000   1000
583	1   1000   1000   1000
587	1   1000   1000   1000
589	1   1000   1000   1000
592	1   1000   1000   1000
594	1   1000   1000   1000
598	1   1000   1000   1000
602	1   1000   1000   1000
606	1   1000   1000   1000
608	1   1000   1000   1000
610	1   1000   1000   1000
611	1   1000   1000   1000
615	1   1000   1000   1000
617	1   1000   1000   1000
619	1   1000   1000   1000
621	1   1000   1000   1000
623	1   1000   1000   1000
625	1   1000   1000   1000
628	1   1000   1000   1000
629	1   1000   1000   1000
631	1   1000   1000   1000
633	1   1000   1000   1000
635	1   1000   1000   1000
640	1   1000   1000   1000
643	1   1000   1000   1000
645	1   1000   1000   1000
647	1   1000   1000   1000
649	1   1000   1000   1000
651	1   1000   1000   1000
653	1   1000   1000   1000
655	1   1000   1000   1000
657	1   1000   1000   1000
659	1   1000   1000   1000
661	1   1000   1000   1000
663	1   1000   1000   1000
665	1   1000   1000   1000
669	1   1000   1000   1000
671	1   1000   1000   1000
673	1   1000   1000   1000
676	1   1000   1000   1000
678	1   1000   1000   1000
680	1   1000   1000   1000
682	1   1000   1000   1000
684	1   1000   1000   1000
686	1   1000   1000   1000
688	1   1000   1000   1000
690	1   1000   1000   1000
692	1   1000   1000   1000
695	1   1000   1000   1000
699	1   1000   1000   1000
700	1   1000   1000   1000
703	1   1000   1000   1000
708	1   1000   1000   1000
710	1   1000   1000   1000
712	1   1000   1000   1000
714	1   1000   1000   1000
716	1   1000   1000   1000
718	1   1000   1000   1000
720	1   1000   1000   1000
724	1   1000   1000   1000
727	1   1000   1000   1000
728	1   1000   1000   1000
731	1   1000   1000   1000
733	1   1000   1000   1000
735	1   1000   1000   1000
737	1   1000   1000   1000
740	1   1000   1000   1000
742	1   1000   1000   1000
744	1   1000   1000   1000
746	1   1000   1000   1000
748	1   1000   1000   1000
750	1   1000   1000   1000
752	1   1000   1000   1000
754	1   1000   1000   1000
756	1   1000   1000   1000
758	1   1000   1000   1000
760	1   1000   1000   1000
762	1   1000   1000   1000
765	1   1000   1000   1000
767	1   1000   1000   1000
769	1   1000   1000   1000
771	1   1000   1000   1000
776	1   1000   1000   1000
780	1   1000   1000   1000
782	1   1000   1000   1000
784	1   1000   1000   1000
790	1   1000   1000   1000
792	1   1000   1000   1000
794	1   1000   1000   1000
796	1   1000   1000   1000
798	1   1000   1000   1000
800	1   1000   1000   1000
803	1   1000   1000   1000
805	1   1000   1000   1000
807	1   1000   1000   1000
809	1   1000   1000   1000
811	1   1000   1000   1000
813	1   1000   1000   1000
815	1   1000   1000   1000
817	1   1000   1000   1000
819	1   1000   1000   1000
822	1   1000   1000   1000
823	1   1000   1000   1000
825	1   1000   1000   1000
828	1   1000   1000   1000
830	1   1000   1000   1000
832	1   1000   1000   1000
834	1   1000   1000   1000
836	1   1000   1000   1000
840	1   1000   1000   1000
842	1   1000   1000   1000
843	1   1000   1000   1000
845	1   1000   1000   1000
847	1   1000   1000   1000
849	1   1000   1000   1000
851	1   1000   1000   1000
853	1   1000   1000   1000
855	1   1000   1000   1000
857	1   1000   1000   1000
859	1   1000   1000   1000
863	1   1000   1000   1000
866	1   1000   1000   1000
869	1   1000   1000   1000
871	1   1000   1000   1000
873	1   1000   1000   1000
875	1   1000   1000   1000
877	1   1000   1000   1000
881	1   1000   1000   1000
883	1   1000   1000   1000
885	1   1000   1000   1000
887	1   1000   1000   1000
891	1   1000   1000   1000
894	1   1000   1000   1000
897	1   1000   1000   1000
900	1   1000   1000   1000
902	1   1000   1000   1000
906	1   1000   1000   1000
908	1   1000   1000   1000
912	1   1000   1000   1000
918	1   1000   1000   1000
923	1   1000   1000   1000
925	1   1000   1000   1000
926	1   1000   1000   1000
928	1   1000   1000   1000
929	1   1000   1000   1000
931	1   1000   1000   1000
933	1   1000   1000   1000
935	1   1000   1000   1000
937	1   1000   1000   1000
939	1   1000   1000   1000
943	1   1000   1000   1000
945	1   1000   1000   1000
947	1   1000   1000   1000
949	1   1000   1000   1000
951	1   1000   1000   1000
953	1   1000   1000   1000
955	1   1000   1000   1000
957	1   1000   1000   1000
959	1   1000   1000   1000
961	1   1000   1000   1000
963	1   1000   1000   1000
965	1   1000   1000   1000
967	1   1000   1000   1000
969	1   1000   1000   1000
974	1   1000   1000   1000
976	1   1000   1000   1000
978	1   1000   1000   1000
983	1   1000   1000   1000
985	1   1000   1000   1000
987	1   1000   1000   1000
989	1   1000   1000   1000
991	1   1000   1000   1000
993	1   1000   1000   1000
995	1   1000   1000   1000
997	1   1000   1000   1000
999	1   1000   1000   1000
1000	1   1000   1000   1000
1002	1   1000   1000   1000
1006	1   1000   1000   1000
1008	1   1000   1000   1000
1010	1   1000   1000   1000
1012	1   1000   1000   1000
1013	1   1000   1000   1000
1015	1   1000   1000   1000
1017	1   1000   1000   1000
1019	1   1000   1000   1000
1021	1   1000   1000   1000
1023	1   1000   1000   1000
1025	1   1000   1000   1000
1028	1   1000   1000   1000
1030	1   1000   1000   1000
1032	1   1000   1000   1000
1034	1   1000   1000   1000
1036	1   1000   1000   1000
1038	1   1000   1000   1000
1042	1   1000   1000   1000
1044	1   1000   1000   1000
1045	1   1000   1000   1000
1047	1   1000   1000   1000
1049	1   1000   1000   1000
1050	1   1000   1000   1000
1052	1   1000   1000   1000
1054	1   1000   1000   1000
1056	1   1000   1000   1000
1057	1   1000   1000   1000
1059	1   1000   1000   1000
1061	1   1000   1000   1000
1063	1   1000   1000   1000
1069	1   1000   1000   1000
1071	1   1000   1000   1000
1073	1   1000   1000   1000
1078	1   1000   1000   1000
1080	1   1000   1000   1000
1082	1   1000   1000   1000
1084	1   1000   1000   1000
1088	1   1000   1000   1000
1089	1   1000   1000   1000
1091	1   1000   1000   1000
1093	1   1000   1000   1000
1095	1   1000   1000   1000
1097	1   1000   1000   1000
1098	1   1000   1000   1000
1100	1   1000   1000   1000
1102	1   1000   1000   1000
1104	1   1000   1000   1000
1106	1   1000   1000   1000
1108	1   1000   1000   1000
1111	1   1000   1000   1000
1113	1   1000   1000   1000
1115	1   1000   1000   1000
1116	1   1000   1000   1000
1117	1   1000   1000   1000
1118	1   1000   1000   1000
1120	1   1000   1000   1000
1122	1   1000   1000   1000
1124	1   1000   1000   1000
1128	1   1000   1000   1000
1130	1   1000   1000   1000
1132	1   1000   1000   1000
1136	1   1000   1000   1000
1140	1   1000   1000   1000
1142	1   1000   1000   1000
1144	1   1000   1000   1000
1146	1   1000   1000   1000
1147	1   1000   1000   1000
1149	1   1000   1000   1000
1150	1   1000   1000   1000
1153	1   1000   1000   1000
1157	1   1000   1000   1000
1159	1   1000   1000   1000
1161	1   1000   1000   1000
1164	1   1000   1000   1000
1166	1   1000   1000   1000
1168	1   1000   1000   1000
1172	1   1000   1000   1000
1174	1   1000   1000   1000
1176	1   1000   1000   1000
1178	1   1000   1000   1000
1180	1   1000   1000   1000
1182	1   1000   1000   1000
1184	1   1000   1000   1000
1186	1   1000   1000   1000
1188	1   1000   1000   1000
1190	1   1000   1000   1000
1192	1   1000   1000   1000
1194	1   1000   1000   1000
1197	1   1000   1000   1000
1199	1   1000   1000   1000
1200	1   1000   1000   1000
1202	1   1000   1000   1000
1207	1   1000   1000   1000
1210	1   1000   1000   1000
1212	1   1000   1000   1000
1214	1   1000   1000   1000
1218	1   1000   1000   1000
1222	1   1000   1000   1000
1224	1   1000   1000   1000
1226	1   1000   1000   1000
1228	1   1000   1000   1000
1230	1   1000   1000   1000
1232	1   1000   1000   1000
1234	1   1000   1000   1000
1235	1   1000   1000   1000
1238	1   1000   1000   1000
1240	1   1000   1000   1000
1242	1   1000   1000   1000
1244	1   1000   1000   1000
1246	1   1000   1000   1000
1248	1   1000   1000   1000
1250	1   1000   1000   1000
1255	1   1000   1000   1000
1257	1   1000   1000   1000
1260	1   1000   1000   1000
1261	1   1000   1000   1000
1265	1   1000   1000   1000
1270	1   1000   1000   1000
1272	1   1000   1000   1000
1274	1   1000   1000   1000
1275	1   1000   1000   1000
1278	1   1000   1000   1000
1280	1   1000   1000   1000
1282	1   1000   1000   1000
1284	1   1000   1000   1000
1286	1   1000   1000   1000
1288	1   1000   1000   1000
1290	1   1000   1000   1000
1292	1   1000   1000   1000
1294	1   1000   1000   1000
1297	1   1000   1000   1000
1299	1   1000   1000   1000
1302	1   1000   1000   1000
1305	1   1000   1000   1000
1307	1   1000   1000   1000
1309	1   1000   1000   1000
1311	1   1000   1000   1000
1313	1   1000   1000   1000
1315	1   1000   1000   1000
1317	1   1000   1000   1000
1318	1   1000   1000   1000
1320	1   1000   1000   1000
1322	1   1000   1000   1000
1323	1   1000   1000   1000
1327	1   1000   1000   1000
1329	1   1000   1000   1000
1331	1   1000   1000   1000
1335	1   1000   1000   1000
1339	1   1000   1000   1000
1341	1   1000   1000   1000
1345	1   1000   1000   1000
1346	1   1000   1000   1000
1347	1   1000   1000   1000
1348	1   1000   1000   1000
1350	1   1000   1000   1000
1351	1   1000   1000   1000
1353	1   1000   1000   1000
1354	1   1000   1000   1000
1358	1   1000   1000   1000
1360	1   1000   1000   1000
1362	1   1000   1000   1000
1364	1   1000   1000   1000
1366	1   1000   1000   1000
1368	1   1000   1000   1000
1370	1   1000   1000   1000
1373	1   1000   1000   1000
1375	1   1000   1000   1000
1377	1   1000   1000   1000
1379	1   1000   1000   1000
1381	1   1000   1000   1000
1386	1   1000   1000   1000
1387	1   1000   1000   1000
1390	1   1000   1000   1000
1393	1   1000   1000   1000
1395	1   1000   1000   1000
1398	1   1000   1000   1000
1400	1   1000   1000   1000
1402	1   1000   1000   1000
1406	1   1000   1000   1000
1408	1   1000   1000   1000
1410	1   1000   1000   1000
1415	1   1000   1000   1000
1417	1   1000   1000   1000
1419	1   1000   1000   1000
1421	1   1000   1000   1000
1423	1   1000   1000   1000
1425	1   1000   1000   1000
1427	1   1000   1000   1000
1429	1   1000   1000   1000
1431	1   1000   1000   1000
1433	1   1000   1000   1000
1435	1   1000   1000   1000
1437	1   1000   1000   1000
1439	1   1000   1000   1000
1444	1   1000   1000   1000
1446	1   1000   1000   1000
1448	1   1000   1000   1000
1450	1   1000   1000   1000
1452	1   1000   1000   1000
1454	1   1000   1000   1000
1456	1   1000   1000   1000
1460	1   1000   1000   1000
1462	1   1000   1000   1000
1464	1   1000   1000   1000
1466	1   1000   1000   1000
1468	1   1000   1000   1000
1472	1   1000   1000   1000
1474	1   1000   1000   1000
1476	1   1000   1000   1000
1478	1   1000   1000   1000
1480	1   1000   1000   1000
1484	1   1000   1000   1000
1486	1   1000   1000   1000
1488	1   1000   1000   1000
1490	1   1000   1000   1000
1492	1   1000   1000   1000
1494	1   1000   1000   1000
1496	1   1000   1000   1000
1498	1   1000   1000   1000
1503	1   1000   1000   1000
1505	1   1000   1000   1000
1507	1   1000   1000   1000
1509	1   1000   1000   1000
1512	1   1000   1000   1000
1515	1   1000   1000   1000
1517	1   1000   1000   1000
1519	1   1000   1000   1000
1521	1   1000   1000   1000
1523	1   1000   1000   1000
1525	1   1000   1000   1000
1528	1   1000   1000   1000
1530	1   1000   1000   1000
1532	1   1000   1000   1000
1537	1   1000   1000   1000
1539	1   1000   1000   1000
1541	1   1000   1000   1000
1543	1   1000   1000   1000
1545	1   1000   1000   1000
1548	1   1000   1000   1000
1550	1   1000   1000   1000
1552	1   1000   1000   1000
1554	1   1000   1000   1000
1558	1   1000   1000   1000
1560	1   1000   1000   1000
1562	1   1000   1000   1000
1564	1   1000   1000   1000
1565	1   1000   1000   1000
1567	1   1000   1000   1000
1569	1   1000   1000   1000
1570	1   1000   1000   1000
1572	1   1000   1000   1000
1574	1   1000   1000   1000
1576	1   1000   1000   1000
1577	1   1000   1000   1000
1579	1   1000   1000   1000
1582	1   1000   1000   1000
1586	1   1000   1000   1000
1592	1   1000   1000   1000
1594	1   1000   1000   1000
1596	1   1000   1000   1000
1598	1   1000   1000   1000
1600	1   1000   1000   1000
1602	1   1000   1000   1000
1604	1   1000   1000   1000
1608	1   1000   1000   1000
1609	1   1000   1000   1000
1611	1   1000   1000   1000
1613	1   1000   1000   1000
1615	1   1000   1000   1000
1617	1   1000   1000   1000
1618	1   1000   1000   1000
1620	1   1000   1000   1000
1625	1   1000   1000   1000
1629	1   1000   1000   1000
1630	1   1000   1000   1000
1632	1   1000   1000   1000
1634	1   1000   1000   1000
1636	1   1000   1000   1000
1638	1   1000   1000   1000
1640	1   1000   1000   1000
1642	1   1000   1000   1000
1644	1   1000   1000   1000
1647	1   1000   1000   1000
1649	1   1000   1000   1000
1651	1   1000   1000   1000
1653	1   1000   1000   1000
1658	1   1000   1000   1000
1663	1   1000   1000   1000
1665	1   1000   1000   1000
1667	1   1000   1000   1000
1669	1   1000   1000   1000
1671	1   1000   1000   1000
1672	1   1000   1000   1000
1674	1   1000   1000   1000
1677	1   1000   1000   1000
1682	1   1000   1000   1000
1684	1   1000   1000   1000
1686	1   1000   1000   1000
1689	1   1000   1000   1000
1691	1   1000   1000   1000
1693	1   1000   1000   1000
1695	1   1000   1000   1000
1697	1   1000   1000   1000
1699	1   1000   1000   1000
1701	1   1000   1000   1000
1703	1   1000   1000   1000
1705	1   1000   1000   1000
1706	1   1000   1000   1000
1708	1   1000   1000   1000
1710	1   1000   1000   1000
1712	1   1000   1000   1000
1714	1   1000   1000   1000
1716	1   1000   1000   1000
1719	1   1000   1000   1000
1721	1   1000   1000   1000
1722	1   1000   1000   1000
1724	1   1000   1000   1000
1728	1   1000   1000   1000
1729	1   1000   1000   1000
1731	1   1000   1000   1000
1733	1   1000   1000   1000
1737	1   1000   1000   1000
1740	1   1000   1000   1000
1742	1   1000   1000   1000
1744	1   1000   1000   1000
1746	1   1000   1000   1000
1750	1   1000   1000   1000
1752	1   1000   1000   1000
1756	1   1000   1000   1000
1757	1   1000   1000   1000
1759	1   1000   1000   1000
1761	1   1000   1000   1000
1762	1   1000   1000   1000
1764	1   1000   1000   1000
1765	1   1000   1000   1000
1767	1   1000   1000   1000
1769	1   1000   1000   1000
1775	1   1000   1000   1000
1777	1   1000   1000   1000
1780	1   1000   1000   1000
1781	1   1000   1000   1000
1785	1   1000   1000   1000
1790	1   1000   1000   1000
1792	1   1000   1000   1000
1794	1   1000   1000   1000
1795	1   1000   1000   1000
1797	1   1000   1000   1000
1799	1   1000   1000   1000
1801	1   1000   1000   1000
1803	1   1000   1000   1000
1805	1   1000   1000   1000
1807	1   1000   1000   1000
1809	1   1000   1000   1000
1811	1   1000   1000   1000
1813	1   1000   1000   1000
1815	1   1000   1000   1000
1817	1   1000   1000   1000
1820	1   1000   1000   1000
1823	1   1000   1000   1000
1825	1   1000   1000   1000
1827	1   1000   1000   1000
1829	1   1000   1000   1000
1831	1   1000   1000   1000
1833	1   1000   1000   1000
1835	1   1000   1000   1000
1837	1   1000   1000   1000
1839	1   1000   1000   1000
1841	1   1000   1000   1000
1842	1   1000   1000   1000
1846	1   1000   1000   1000
1848	1   1000   1000   1000
1850	1   1000   1000   1000
1852	1   1000   1000   1000
1856	1   1000   1000   1000
1858	1   1000   1000   1000
1860	1   1000   1000   1000
1861	1   1000   1000   1000
1862	1   1000   1000   1000
1863	1   1000   1000   1000
1865	1   1000   1000   1000
1866	1   1000   1000   1000
1868	1   1000   1000   1000
1869	1   1000   1000   1000
1871	1   1000   1000   1000
1872	1   1000   1000   1000
1874	1   1000   1000   1000
1876	1   1000   1000   1000
1878	1   1000   1000   1000
1880	1   1000   1000   1000
1882	1   1000   1000   1000
1885	1   1000   1000   1000
1887	1   1000   1000   1000
1890	1   1000   1000   1000
1892	1   1000   1000   1000
1894	1   1000   1000   1000
1899	1   1000   1000   1000
1901	1   1000   1000   1000
1903	1   1000   1000   1000
1906	1   1000   1000   1000
1908	1   1000   1000   1000
1910	1   1000   1000   1000
1912	1   1000   1000   1000
1914	1   1000   1000   1000
1918	1   1000   1000   1000
1920	1   1000   1000   1000
1922	1   1000   1000   1000
1924	1   1000   1000   1000
1926	1   1000   1000   1000
1928	1   1000   1000   1000
1930	1   1000   1000   1000
1933	1   1000   1000   1000
1935	1   1000   1000   1000
1937	1   1000   1000   1000
1939	1   1000   1000   1000
1941	1   1000   1000   1000
1943	1   1000   1000   1000
1945	1   1000   1000   1000
1947	1   1000   1000   1000
1949	1   1000   1000   1000
1954	1   1000   1000   1000
1956	1   1000   1000   1000
1958	1   1000   1000   1000
1960	1   1000   1000   1000
1962	1   1000   1000   1000
1964	1   1000   1000   1000
1966	1   1000   1000   1000
1970	1   1000   1000   1000
1972	1   1000   1000   1000
1974	1   1000   1000   1000
1976	1   1000   1000   1000
1978	1   1000   1000   1000
1980	1   1000   1000   1000
1982	1   1000   1000   1000
1984	1   1000   1000   1000
1986	1   1000   1000   1000
1988	1   1000   1000   1000
1993	1   1000   1000   1000
1995	1   1000   1000   1000
1997	1   1000   1000   1000
1999	1   1000   1000   1000
2001	1   1000   1000   1000
2003	1   1000   1000   1000
2005	1   1000   1000   1000
2007	1   1000   1000   1000
2012	1   1000   1000   1000
2014	1   1000   1000   1000
2016	1   1000   1000   1000
2018	1   1000   1000   1000
2022	1   1000   1000   1000
2025	1   1000   1000   1000
2027	1   1000   1000   1000
2029	1   1000   1000   1000
2032	1   1000   1000   1000
2034	1   1000   1000   1000
2036	1   1000   1000   1000
2038	1   1000   1000   1000
2040	1   1000   1000   1000
2042	1   1000   1000   1000
2047	1   1000   1000   1000
2048	1   1000   1000   1000
2050	1   1000   1000   1000
2052	1   1000   1000   1000
2054	1   1000   1000   1000
2058	1   1000   1000   1000
2060	1   1000   1000   1000
2063	1   1000   1000   1000
2065	1   1000   1000   1000
2067	1   1000   1000   1000
